           8
           0           0   1.9999999999999996     
           0           1   0.0000000000000000     
           0           2   0.0000000000000000     
           0           3   0.0000000000000000     
           0           4   0.0000000000000000     
           1           0   0.0000000000000000     
           1           1   1.9999999999999996     
           1           2   0.0000000000000000     
           1           3   0.0000000000000000     
           1           4   0.0000000000000000     
           2           0   0.0000000000000000     
           2           1   0.0000000000000000     
           2           2   1.9999999999999996     
           2           3   0.0000000000000000     
           2           4   0.0000000000000000     
           3           0   0.0000000000000000     
           3           1   0.0000000000000000     
           3           2   0.0000000000000000     
           3           3  0.99999999999999989     
           3           4   8.9997250645769411E-022
           4           0   0.0000000000000000     
           4           1   0.0000000000000000     
           4           2   0.0000000000000000     
           4           3   8.9997250645769411E-022
           4           4  0.99999999999999989     
