           8
           0           0           0           0  0.99999999999999978     
           0           0           1           0   0.0000000000000000     
           0           0           2           0   0.0000000000000000     
           0           0           3           0   0.0000000000000000     
           0           0           4           0   0.0000000000000000     
           0           1           0           0   0.0000000000000000     
           0           1           1           0   1.9999999999999996     
           0           1           2           0   0.0000000000000000     
           0           1           3           0   0.0000000000000000     
           0           1           4           0   0.0000000000000000     
           0           2           0           0   0.0000000000000000     
           0           2           1           0   0.0000000000000000     
           0           2           2           0   1.9999999999999996     
           0           2           3           0   0.0000000000000000     
           0           2           4           0   0.0000000000000000     
           0           3           0           0   0.0000000000000000     
           0           3           1           0   0.0000000000000000     
           0           3           2           0   0.0000000000000000     
           0           3           3           0  0.99999999999999989     
           0           3           4           0   8.9997250645769411E-022
           0           4           0           0   0.0000000000000000     
           0           4           1           0   0.0000000000000000     
           0           4           2           0   0.0000000000000000     
           0           4           3           0   8.9997250645769411E-022
           0           4           4           0  0.99999999999999989     
           0           0           0           1   0.0000000000000000     
           0           0           1           1   0.0000000000000000     
           0           0           2           1   0.0000000000000000     
           0           0           3           1   0.0000000000000000     
           0           0           4           1   0.0000000000000000     
           0           1           0           1 -0.99999999999999978     
           0           1           1           1   0.0000000000000000     
           0           1           2           1   0.0000000000000000     
           0           1           3           1   0.0000000000000000     
           0           1           4           1   0.0000000000000000     
           0           2           0           1   0.0000000000000000     
           0           2           1           1   0.0000000000000000     
           0           2           2           1   0.0000000000000000     
           0           2           3           1   0.0000000000000000     
           0           2           4           1   0.0000000000000000     
           0           3           0           1   0.0000000000000000     
           0           3           1           1   0.0000000000000000     
           0           3           2           1   0.0000000000000000     
           0           3           3           1   0.0000000000000000     
           0           3           4           1   0.0000000000000000     
           0           4           0           1   0.0000000000000000     
           0           4           1           1   0.0000000000000000     
           0           4           2           1   0.0000000000000000     
           0           4           3           1   0.0000000000000000     
           0           4           4           1   0.0000000000000000     
           0           0           0           2   0.0000000000000000     
           0           0           1           2   0.0000000000000000     
           0           0           2           2   0.0000000000000000     
           0           0           3           2   0.0000000000000000     
           0           0           4           2   0.0000000000000000     
           0           1           0           2   0.0000000000000000     
           0           1           1           2   0.0000000000000000     
           0           1           2           2   0.0000000000000000     
           0           1           3           2   0.0000000000000000     
           0           1           4           2   0.0000000000000000     
           0           2           0           2 -0.99999999999999978     
           0           2           1           2   0.0000000000000000     
           0           2           2           2   0.0000000000000000     
           0           2           3           2   0.0000000000000000     
           0           2           4           2   0.0000000000000000     
           0           3           0           2   0.0000000000000000     
           0           3           1           2   0.0000000000000000     
           0           3           2           2   0.0000000000000000     
           0           3           3           2   0.0000000000000000     
           0           3           4           2   0.0000000000000000     
           0           4           0           2   0.0000000000000000     
           0           4           1           2   0.0000000000000000     
           0           4           2           2   0.0000000000000000     
           0           4           3           2   0.0000000000000000     
           0           4           4           2   0.0000000000000000     
           0           0           0           3   0.0000000000000000     
           0           0           1           3   0.0000000000000000     
           0           0           2           3   0.0000000000000000     
           0           0           3           3   0.0000000000000000     
           0           0           4           3   0.0000000000000000     
           0           1           0           3   0.0000000000000000     
           0           1           1           3   0.0000000000000000     
           0           1           2           3   0.0000000000000000     
           0           1           3           3   0.0000000000000000     
           0           1           4           3   0.0000000000000000     
           0           2           0           3   0.0000000000000000     
           0           2           1           3   0.0000000000000000     
           0           2           2           3   0.0000000000000000     
           0           2           3           3   0.0000000000000000     
           0           2           4           3   0.0000000000000000     
           0           3           0           3 -0.49999999999999994     
           0           3           1           3   0.0000000000000000     
           0           3           2           3   0.0000000000000000     
           0           3           3           3   0.0000000000000000     
           0           3           4           3   0.0000000000000000     
           0           4           0           3  -4.4998625322884706E-022
           0           4           1           3   0.0000000000000000     
           0           4           2           3   0.0000000000000000     
           0           4           3           3   0.0000000000000000     
           0           4           4           3   0.0000000000000000     
           0           0           0           4   0.0000000000000000     
           0           0           1           4   0.0000000000000000     
           0           0           2           4   0.0000000000000000     
           0           0           3           4   0.0000000000000000     
           0           0           4           4   0.0000000000000000     
           0           1           0           4   0.0000000000000000     
           0           1           1           4   0.0000000000000000     
           0           1           2           4   0.0000000000000000     
           0           1           3           4   0.0000000000000000     
           0           1           4           4   0.0000000000000000     
           0           2           0           4   0.0000000000000000     
           0           2           1           4   0.0000000000000000     
           0           2           2           4   0.0000000000000000     
           0           2           3           4   0.0000000000000000     
           0           2           4           4   0.0000000000000000     
           0           3           0           4  -4.4998625322884706E-022
           0           3           1           4   0.0000000000000000     
           0           3           2           4   0.0000000000000000     
           0           3           3           4   0.0000000000000000     
           0           3           4           4   0.0000000000000000     
           0           4           0           4 -0.49999999999999994     
           0           4           1           4   0.0000000000000000     
           0           4           2           4   0.0000000000000000     
           0           4           3           4   0.0000000000000000     
           0           4           4           4   0.0000000000000000     
           1           0           0           0   0.0000000000000000     
           1           0           1           0 -0.99999999999999978     
           1           0           2           0   0.0000000000000000     
           1           0           3           0   0.0000000000000000     
           1           0           4           0   0.0000000000000000     
           1           1           0           0   0.0000000000000000     
           1           1           1           0   0.0000000000000000     
           1           1           2           0   0.0000000000000000     
           1           1           3           0   0.0000000000000000     
           1           1           4           0   0.0000000000000000     
           1           2           0           0   0.0000000000000000     
           1           2           1           0   0.0000000000000000     
           1           2           2           0   0.0000000000000000     
           1           2           3           0   0.0000000000000000     
           1           2           4           0   0.0000000000000000     
           1           3           0           0   0.0000000000000000     
           1           3           1           0   0.0000000000000000     
           1           3           2           0   0.0000000000000000     
           1           3           3           0   0.0000000000000000     
           1           3           4           0   0.0000000000000000     
           1           4           0           0   0.0000000000000000     
           1           4           1           0   0.0000000000000000     
           1           4           2           0   0.0000000000000000     
           1           4           3           0   0.0000000000000000     
           1           4           4           0   0.0000000000000000     
           1           0           0           1   1.9999999999999996     
           1           0           1           1   0.0000000000000000     
           1           0           2           1   0.0000000000000000     
           1           0           3           1   0.0000000000000000     
           1           0           4           1   0.0000000000000000     
           1           1           0           1   0.0000000000000000     
           1           1           1           1  0.99999999999999978     
           1           1           2           1   0.0000000000000000     
           1           1           3           1   0.0000000000000000     
           1           1           4           1   0.0000000000000000     
           1           2           0           1   0.0000000000000000     
           1           2           1           1   0.0000000000000000     
           1           2           2           1   1.9999999999999996     
           1           2           3           1   0.0000000000000000     
           1           2           4           1   0.0000000000000000     
           1           3           0           1   0.0000000000000000     
           1           3           1           1   0.0000000000000000     
           1           3           2           1   0.0000000000000000     
           1           3           3           1  0.99999999999999989     
           1           3           4           1   8.9997250645769411E-022
           1           4           0           1   0.0000000000000000     
           1           4           1           1   0.0000000000000000     
           1           4           2           1   0.0000000000000000     
           1           4           3           1   8.9997250645769411E-022
           1           4           4           1  0.99999999999999989     
           1           0           0           2   0.0000000000000000     
           1           0           1           2   0.0000000000000000     
           1           0           2           2   0.0000000000000000     
           1           0           3           2   0.0000000000000000     
           1           0           4           2   0.0000000000000000     
           1           1           0           2   0.0000000000000000     
           1           1           1           2   0.0000000000000000     
           1           1           2           2   0.0000000000000000     
           1           1           3           2   0.0000000000000000     
           1           1           4           2   0.0000000000000000     
           1           2           0           2   0.0000000000000000     
           1           2           1           2 -0.99999999999999978     
           1           2           2           2   0.0000000000000000     
           1           2           3           2   0.0000000000000000     
           1           2           4           2   0.0000000000000000     
           1           3           0           2   0.0000000000000000     
           1           3           1           2   0.0000000000000000     
           1           3           2           2   0.0000000000000000     
           1           3           3           2   0.0000000000000000     
           1           3           4           2   0.0000000000000000     
           1           4           0           2   0.0000000000000000     
           1           4           1           2   0.0000000000000000     
           1           4           2           2   0.0000000000000000     
           1           4           3           2   0.0000000000000000     
           1           4           4           2   0.0000000000000000     
           1           0           0           3   0.0000000000000000     
           1           0           1           3   0.0000000000000000     
           1           0           2           3   0.0000000000000000     
           1           0           3           3   0.0000000000000000     
           1           0           4           3   0.0000000000000000     
           1           1           0           3   0.0000000000000000     
           1           1           1           3   0.0000000000000000     
           1           1           2           3   0.0000000000000000     
           1           1           3           3   0.0000000000000000     
           1           1           4           3   0.0000000000000000     
           1           2           0           3   0.0000000000000000     
           1           2           1           3   0.0000000000000000     
           1           2           2           3   0.0000000000000000     
           1           2           3           3   0.0000000000000000     
           1           2           4           3   0.0000000000000000     
           1           3           0           3   0.0000000000000000     
           1           3           1           3 -0.49999999999999994     
           1           3           2           3   0.0000000000000000     
           1           3           3           3   0.0000000000000000     
           1           3           4           3   0.0000000000000000     
           1           4           0           3   0.0000000000000000     
           1           4           1           3  -4.4998625322884706E-022
           1           4           2           3   0.0000000000000000     
           1           4           3           3   0.0000000000000000     
           1           4           4           3   0.0000000000000000     
           1           0           0           4   0.0000000000000000     
           1           0           1           4   0.0000000000000000     
           1           0           2           4   0.0000000000000000     
           1           0           3           4   0.0000000000000000     
           1           0           4           4   0.0000000000000000     
           1           1           0           4   0.0000000000000000     
           1           1           1           4   0.0000000000000000     
           1           1           2           4   0.0000000000000000     
           1           1           3           4   0.0000000000000000     
           1           1           4           4   0.0000000000000000     
           1           2           0           4   0.0000000000000000     
           1           2           1           4   0.0000000000000000     
           1           2           2           4   0.0000000000000000     
           1           2           3           4   0.0000000000000000     
           1           2           4           4   0.0000000000000000     
           1           3           0           4   0.0000000000000000     
           1           3           1           4  -4.4998625322884706E-022
           1           3           2           4   0.0000000000000000     
           1           3           3           4   0.0000000000000000     
           1           3           4           4   0.0000000000000000     
           1           4           0           4   0.0000000000000000     
           1           4           1           4 -0.49999999999999994     
           1           4           2           4   0.0000000000000000     
           1           4           3           4   0.0000000000000000     
           1           4           4           4   0.0000000000000000     
           2           0           0           0   0.0000000000000000     
           2           0           1           0   0.0000000000000000     
           2           0           2           0 -0.99999999999999978     
           2           0           3           0   0.0000000000000000     
           2           0           4           0   0.0000000000000000     
           2           1           0           0   0.0000000000000000     
           2           1           1           0   0.0000000000000000     
           2           1           2           0   0.0000000000000000     
           2           1           3           0   0.0000000000000000     
           2           1           4           0   0.0000000000000000     
           2           2           0           0   0.0000000000000000     
           2           2           1           0   0.0000000000000000     
           2           2           2           0   0.0000000000000000     
           2           2           3           0   0.0000000000000000     
           2           2           4           0   0.0000000000000000     
           2           3           0           0   0.0000000000000000     
           2           3           1           0   0.0000000000000000     
           2           3           2           0   0.0000000000000000     
           2           3           3           0   0.0000000000000000     
           2           3           4           0   0.0000000000000000     
           2           4           0           0   0.0000000000000000     
           2           4           1           0   0.0000000000000000     
           2           4           2           0   0.0000000000000000     
           2           4           3           0   0.0000000000000000     
           2           4           4           0   0.0000000000000000     
           2           0           0           1   0.0000000000000000     
           2           0           1           1   0.0000000000000000     
           2           0           2           1   0.0000000000000000     
           2           0           3           1   0.0000000000000000     
           2           0           4           1   0.0000000000000000     
           2           1           0           1   0.0000000000000000     
           2           1           1           1   0.0000000000000000     
           2           1           2           1 -0.99999999999999978     
           2           1           3           1   0.0000000000000000     
           2           1           4           1   0.0000000000000000     
           2           2           0           1   0.0000000000000000     
           2           2           1           1   0.0000000000000000     
           2           2           2           1   0.0000000000000000     
           2           2           3           1   0.0000000000000000     
           2           2           4           1   0.0000000000000000     
           2           3           0           1   0.0000000000000000     
           2           3           1           1   0.0000000000000000     
           2           3           2           1   0.0000000000000000     
           2           3           3           1   0.0000000000000000     
           2           3           4           1   0.0000000000000000     
           2           4           0           1   0.0000000000000000     
           2           4           1           1   0.0000000000000000     
           2           4           2           1   0.0000000000000000     
           2           4           3           1   0.0000000000000000     
           2           4           4           1   0.0000000000000000     
           2           0           0           2   1.9999999999999996     
           2           0           1           2   0.0000000000000000     
           2           0           2           2   0.0000000000000000     
           2           0           3           2   0.0000000000000000     
           2           0           4           2   0.0000000000000000     
           2           1           0           2   0.0000000000000000     
           2           1           1           2   1.9999999999999996     
           2           1           2           2   0.0000000000000000     
           2           1           3           2   0.0000000000000000     
           2           1           4           2   0.0000000000000000     
           2           2           0           2   0.0000000000000000     
           2           2           1           2   0.0000000000000000     
           2           2           2           2  0.99999999999999978     
           2           2           3           2   0.0000000000000000     
           2           2           4           2   0.0000000000000000     
           2           3           0           2   0.0000000000000000     
           2           3           1           2   0.0000000000000000     
           2           3           2           2   0.0000000000000000     
           2           3           3           2  0.99999999999999989     
           2           3           4           2   8.9997250645769411E-022
           2           4           0           2   0.0000000000000000     
           2           4           1           2   0.0000000000000000     
           2           4           2           2   0.0000000000000000     
           2           4           3           2   8.9997250645769411E-022
           2           4           4           2  0.99999999999999989     
           2           0           0           3   0.0000000000000000     
           2           0           1           3   0.0000000000000000     
           2           0           2           3   0.0000000000000000     
           2           0           3           3   0.0000000000000000     
           2           0           4           3   0.0000000000000000     
           2           1           0           3   0.0000000000000000     
           2           1           1           3   0.0000000000000000     
           2           1           2           3   0.0000000000000000     
           2           1           3           3   0.0000000000000000     
           2           1           4           3   0.0000000000000000     
           2           2           0           3   0.0000000000000000     
           2           2           1           3   0.0000000000000000     
           2           2           2           3   0.0000000000000000     
           2           2           3           3   0.0000000000000000     
           2           2           4           3   0.0000000000000000     
           2           3           0           3   0.0000000000000000     
           2           3           1           3   0.0000000000000000     
           2           3           2           3 -0.49999999999999994     
           2           3           3           3   0.0000000000000000     
           2           3           4           3   0.0000000000000000     
           2           4           0           3   0.0000000000000000     
           2           4           1           3   0.0000000000000000     
           2           4           2           3  -4.4998625322884706E-022
           2           4           3           3   0.0000000000000000     
           2           4           4           3   0.0000000000000000     
           2           0           0           4   0.0000000000000000     
           2           0           1           4   0.0000000000000000     
           2           0           2           4   0.0000000000000000     
           2           0           3           4   0.0000000000000000     
           2           0           4           4   0.0000000000000000     
           2           1           0           4   0.0000000000000000     
           2           1           1           4   0.0000000000000000     
           2           1           2           4   0.0000000000000000     
           2           1           3           4   0.0000000000000000     
           2           1           4           4   0.0000000000000000     
           2           2           0           4   0.0000000000000000     
           2           2           1           4   0.0000000000000000     
           2           2           2           4   0.0000000000000000     
           2           2           3           4   0.0000000000000000     
           2           2           4           4   0.0000000000000000     
           2           3           0           4   0.0000000000000000     
           2           3           1           4   0.0000000000000000     
           2           3           2           4  -4.4998625322884706E-022
           2           3           3           4   0.0000000000000000     
           2           3           4           4   0.0000000000000000     
           2           4           0           4   0.0000000000000000     
           2           4           1           4   0.0000000000000000     
           2           4           2           4 -0.49999999999999994     
           2           4           3           4   0.0000000000000000     
           2           4           4           4   0.0000000000000000     
           3           0           0           0   0.0000000000000000     
           3           0           1           0   0.0000000000000000     
           3           0           2           0   0.0000000000000000     
           3           0           3           0 -0.49999999999999994     
           3           0           4           0  -4.4998625322884706E-022
           3           1           0           0   0.0000000000000000     
           3           1           1           0   0.0000000000000000     
           3           1           2           0   0.0000000000000000     
           3           1           3           0   0.0000000000000000     
           3           1           4           0   0.0000000000000000     
           3           2           0           0   0.0000000000000000     
           3           2           1           0   0.0000000000000000     
           3           2           2           0   0.0000000000000000     
           3           2           3           0   0.0000000000000000     
           3           2           4           0   0.0000000000000000     
           3           3           0           0   0.0000000000000000     
           3           3           1           0   0.0000000000000000     
           3           3           2           0   0.0000000000000000     
           3           3           3           0   0.0000000000000000     
           3           3           4           0   0.0000000000000000     
           3           4           0           0   0.0000000000000000     
           3           4           1           0   0.0000000000000000     
           3           4           2           0   0.0000000000000000     
           3           4           3           0   0.0000000000000000     
           3           4           4           0   0.0000000000000000     
           3           0           0           1   0.0000000000000000     
           3           0           1           1   0.0000000000000000     
           3           0           2           1   0.0000000000000000     
           3           0           3           1   0.0000000000000000     
           3           0           4           1   0.0000000000000000     
           3           1           0           1   0.0000000000000000     
           3           1           1           1   0.0000000000000000     
           3           1           2           1   0.0000000000000000     
           3           1           3           1 -0.49999999999999994     
           3           1           4           1  -4.4998625322884706E-022
           3           2           0           1   0.0000000000000000     
           3           2           1           1   0.0000000000000000     
           3           2           2           1   0.0000000000000000     
           3           2           3           1   0.0000000000000000     
           3           2           4           1   0.0000000000000000     
           3           3           0           1   0.0000000000000000     
           3           3           1           1   0.0000000000000000     
           3           3           2           1   0.0000000000000000     
           3           3           3           1   0.0000000000000000     
           3           3           4           1   0.0000000000000000     
           3           4           0           1   0.0000000000000000     
           3           4           1           1   0.0000000000000000     
           3           4           2           1   0.0000000000000000     
           3           4           3           1   0.0000000000000000     
           3           4           4           1   0.0000000000000000     
           3           0           0           2   0.0000000000000000     
           3           0           1           2   0.0000000000000000     
           3           0           2           2   0.0000000000000000     
           3           0           3           2   0.0000000000000000     
           3           0           4           2   0.0000000000000000     
           3           1           0           2   0.0000000000000000     
           3           1           1           2   0.0000000000000000     
           3           1           2           2   0.0000000000000000     
           3           1           3           2   0.0000000000000000     
           3           1           4           2   0.0000000000000000     
           3           2           0           2   0.0000000000000000     
           3           2           1           2   0.0000000000000000     
           3           2           2           2   0.0000000000000000     
           3           2           3           2 -0.49999999999999994     
           3           2           4           2  -4.4998625322884706E-022
           3           3           0           2   0.0000000000000000     
           3           3           1           2   0.0000000000000000     
           3           3           2           2   0.0000000000000000     
           3           3           3           2   0.0000000000000000     
           3           3           4           2   0.0000000000000000     
           3           4           0           2   0.0000000000000000     
           3           4           1           2   0.0000000000000000     
           3           4           2           2   0.0000000000000000     
           3           4           3           2   0.0000000000000000     
           3           4           4           2   0.0000000000000000     
           3           0           0           3  0.99999999999999989     
           3           0           1           3   0.0000000000000000     
           3           0           2           3   0.0000000000000000     
           3           0           3           3   0.0000000000000000     
           3           0           4           3   0.0000000000000000     
           3           1           0           3   0.0000000000000000     
           3           1           1           3  0.99999999999999989     
           3           1           2           3   0.0000000000000000     
           3           1           3           3   0.0000000000000000     
           3           1           4           3   0.0000000000000000     
           3           2           0           3   0.0000000000000000     
           3           2           1           3   0.0000000000000000     
           3           2           2           3  0.99999999999999989     
           3           2           3           3   0.0000000000000000     
           3           2           4           3   0.0000000000000000     
           3           3           0           3   0.0000000000000000     
           3           3           1           3   0.0000000000000000     
           3           3           2           3   0.0000000000000000     
           3           3           3           3  0.25000000000000006     
           3           3           4           3   9.5952951056151210E-023
           3           4           0           3   0.0000000000000000     
           3           4           1           3   0.0000000000000000     
           3           4           2           3   0.0000000000000000     
           3           4           3           3   9.5952951056151210E-023
           3           4           4           3  0.24999999999999992     
           3           0           0           4   8.9997250645769411E-022
           3           0           1           4   0.0000000000000000     
           3           0           2           4   0.0000000000000000     
           3           0           3           4   0.0000000000000000     
           3           0           4           4   0.0000000000000000     
           3           1           0           4   0.0000000000000000     
           3           1           1           4   8.9997250645769411E-022
           3           1           2           4   0.0000000000000000     
           3           1           3           4   0.0000000000000000     
           3           1           4           4   0.0000000000000000     
           3           2           0           4   0.0000000000000000     
           3           2           1           4   0.0000000000000000     
           3           2           2           4   8.9997250645769411E-022
           3           2           3           4   0.0000000000000000     
           3           2           4           4   0.0000000000000000     
           3           3           0           4   0.0000000000000000     
           3           3           1           4   0.0000000000000000     
           3           3           2           4   0.0000000000000000     
           3           3           3           4   9.5952951056151210E-023
           3           3           4           4  -3.4694469519536142E-018
           3           4           0           4   0.0000000000000000     
           3           4           1           4   0.0000000000000000     
           3           4           2           4   0.0000000000000000     
           3           4           3           4   3.2376763228292300E-017
           3           4           4           4   3.5734202462290796E-022
           4           0           0           0   0.0000000000000000     
           4           0           1           0   0.0000000000000000     
           4           0           2           0   0.0000000000000000     
           4           0           3           0  -4.4998625322884706E-022
           4           0           4           0 -0.49999999999999994     
           4           1           0           0   0.0000000000000000     
           4           1           1           0   0.0000000000000000     
           4           1           2           0   0.0000000000000000     
           4           1           3           0   0.0000000000000000     
           4           1           4           0   0.0000000000000000     
           4           2           0           0   0.0000000000000000     
           4           2           1           0   0.0000000000000000     
           4           2           2           0   0.0000000000000000     
           4           2           3           0   0.0000000000000000     
           4           2           4           0   0.0000000000000000     
           4           3           0           0   0.0000000000000000     
           4           3           1           0   0.0000000000000000     
           4           3           2           0   0.0000000000000000     
           4           3           3           0   0.0000000000000000     
           4           3           4           0   0.0000000000000000     
           4           4           0           0   0.0000000000000000     
           4           4           1           0   0.0000000000000000     
           4           4           2           0   0.0000000000000000     
           4           4           3           0   0.0000000000000000     
           4           4           4           0   0.0000000000000000     
           4           0           0           1   0.0000000000000000     
           4           0           1           1   0.0000000000000000     
           4           0           2           1   0.0000000000000000     
           4           0           3           1   0.0000000000000000     
           4           0           4           1   0.0000000000000000     
           4           1           0           1   0.0000000000000000     
           4           1           1           1   0.0000000000000000     
           4           1           2           1   0.0000000000000000     
           4           1           3           1  -4.4998625322884706E-022
           4           1           4           1 -0.49999999999999994     
           4           2           0           1   0.0000000000000000     
           4           2           1           1   0.0000000000000000     
           4           2           2           1   0.0000000000000000     
           4           2           3           1   0.0000000000000000     
           4           2           4           1   0.0000000000000000     
           4           3           0           1   0.0000000000000000     
           4           3           1           1   0.0000000000000000     
           4           3           2           1   0.0000000000000000     
           4           3           3           1   0.0000000000000000     
           4           3           4           1   0.0000000000000000     
           4           4           0           1   0.0000000000000000     
           4           4           1           1   0.0000000000000000     
           4           4           2           1   0.0000000000000000     
           4           4           3           1   0.0000000000000000     
           4           4           4           1   0.0000000000000000     
           4           0           0           2   0.0000000000000000     
           4           0           1           2   0.0000000000000000     
           4           0           2           2   0.0000000000000000     
           4           0           3           2   0.0000000000000000     
           4           0           4           2   0.0000000000000000     
           4           1           0           2   0.0000000000000000     
           4           1           1           2   0.0000000000000000     
           4           1           2           2   0.0000000000000000     
           4           1           3           2   0.0000000000000000     
           4           1           4           2   0.0000000000000000     
           4           2           0           2   0.0000000000000000     
           4           2           1           2   0.0000000000000000     
           4           2           2           2   0.0000000000000000     
           4           2           3           2  -4.4998625322884706E-022
           4           2           4           2 -0.49999999999999994     
           4           3           0           2   0.0000000000000000     
           4           3           1           2   0.0000000000000000     
           4           3           2           2   0.0000000000000000     
           4           3           3           2   0.0000000000000000     
           4           3           4           2   0.0000000000000000     
           4           4           0           2   0.0000000000000000     
           4           4           1           2   0.0000000000000000     
           4           4           2           2   0.0000000000000000     
           4           4           3           2   0.0000000000000000     
           4           4           4           2   0.0000000000000000     
           4           0           0           3   8.9997250645769411E-022
           4           0           1           3   0.0000000000000000     
           4           0           2           3   0.0000000000000000     
           4           0           3           3   0.0000000000000000     
           4           0           4           3   0.0000000000000000     
           4           1           0           3   0.0000000000000000     
           4           1           1           3   8.9997250645769411E-022
           4           1           2           3   0.0000000000000000     
           4           1           3           3   0.0000000000000000     
           4           1           4           3   0.0000000000000000     
           4           2           0           3   0.0000000000000000     
           4           2           1           3   0.0000000000000000     
           4           2           2           3   8.9997250645769411E-022
           4           2           3           3   0.0000000000000000     
           4           2           4           3   0.0000000000000000     
           4           3           0           3   0.0000000000000000     
           4           3           1           3   0.0000000000000000     
           4           3           2           3   0.0000000000000000     
           4           3           3           3   9.5952951056151210E-023
           4           3           4           3   3.2376763228292300E-017
           4           4           0           3   0.0000000000000000     
           4           4           1           3   0.0000000000000000     
           4           4           2           3   0.0000000000000000     
           4           4           3           3  -3.4694469519536142E-018
           4           4           4           3   3.5734202462290796E-022
           4           0           0           4  0.99999999999999989     
           4           0           1           4   0.0000000000000000     
           4           0           2           4   0.0000000000000000     
           4           0           3           4   0.0000000000000000     
           4           0           4           4   0.0000000000000000     
           4           1           0           4   0.0000000000000000     
           4           1           1           4  0.99999999999999989     
           4           1           2           4   0.0000000000000000     
           4           1           3           4   0.0000000000000000     
           4           1           4           4   0.0000000000000000     
           4           2           0           4   0.0000000000000000     
           4           2           1           4   0.0000000000000000     
           4           2           2           4  0.99999999999999989     
           4           2           3           4   0.0000000000000000     
           4           2           4           4   0.0000000000000000     
           4           3           0           4   0.0000000000000000     
           4           3           1           4   0.0000000000000000     
           4           3           2           4   0.0000000000000000     
           4           3           3           4  0.24999999999999992     
           4           3           4           4   3.5734202462290796E-022
           4           4           0           4   0.0000000000000000     
           4           4           1           4   0.0000000000000000     
           4           4           2           4   0.0000000000000000     
           4           4           3           4   3.5734202462290796E-022
           4           4           4           4  0.25000000000000000     
