 $VEC
 1  1 6.87035008E-01-6.78253468E-03 3.22873778E-02-1.40056686E-03 0.00000000E+00
 1  2 0.00000000E+00-8.11546616E-04-4.00000000E-15-1.00000000E-15-1.63385056E-04
 1  3 1.00000000E-15 0.00000000E+00-4.37262316E-05 1.54292280E-03 1.54292280E-03
 1  4 1.32344927E-03 0.00000000E+00 0.00000000E+00 0.00000000E+00 2.73556553E-03
 1  5 2.73556553E-03 2.62956731E-03 0.00000000E+00 0.00000000E+00 0.00000000E+00
 1  6 2.00000000E-15 1.00000000E-15 1.78481722E-04 0.00000000E+00 1.82946702E-04
 1  7 1.00000000E-15 1.82946702E-04 1.00000000E-15 0.00000000E+00 0.00000000E+00
 1  8 6.87035009E-01-6.78253468E-03 3.22873778E-02-1.40056686E-03 0.00000000E+00
 1  9 0.00000000E+00 8.11546616E-04 1.00000000E-15-2.00000000E-15 1.63385055E-04
 1 10 0.00000000E+00 1.00000000E-15 4.37262313E-05 1.54292280E-03 1.54292280E-03
 1 11 1.32344927E-03 0.00000000E+00 0.00000000E+00 0.00000000E+00 2.73556553E-03
 1 12 2.73556553E-03 2.62956731E-03 0.00000000E+00 0.00000000E+00 0.00000000E+00
 1 13 0.00000000E+00 1.00000000E-15-1.78481722E-04 0.00000000E+00-1.82946702E-04
 1 14 0.00000000E+00-1.82946702E-04 0.00000000E+00 1.00000000E-15 0.00000000E+00
 2  1 6.86911884E-01-7.12258992E-03 3.24731954E-02-2.87544431E-03-1.00000000E-15
 2  2 0.00000000E+00-9.12551122E-04 6.00000000E-15 0.00000000E+00 6.14633931E-04
 2  3-2.00000000E-15 0.00000000E+00 5.55100474E-04 1.64277714E-03 1.64277714E-03
 2  4 1.56666554E-03 0.00000000E+00 0.00000000E+00 0.00000000E+00 3.20831764E-03
 2  5 3.20831764E-03 2.40386390E-03 0.00000000E+00 0.00000000E+00 0.00000000E+00
 2  6-3.00000000E-15 0.00000000E+00 1.44171603E-04 0.00000000E+00-7.93120483E-05
 2  7-2.00000000E-15-7.93120483E-05-1.00000000E-15 0.00000000E+00 0.00000000E+00
 2  8-6.86911883E-01 7.12258992E-03-3.24731954E-02 2.87544431E-03 0.00000000E+00
 2  9 0.00000000E+00-9.12551121E-04-1.00000000E-15 2.00000000E-15 6.14633931E-04
 2 10 1.00000000E-15 0.00000000E+00 5.55100474E-04-1.64277714E-03-1.64277714E-03
 2 11-1.56666554E-03 0.00000000E+00 0.00000000E+00 0.00000000E+00-3.20831764E-03
 2 12-3.20831764E-03-2.40386390E-03 0.00000000E+00 0.00000000E+00 0.00000000E+00
 2 13 1.00000000E-15-1.00000000E-15 1.44171603E-04 0.00000000E+00-7.93120484E-05
 2 14 0.00000000E+00-7.93120484E-05 0.00000000E+00-1.00000000E-15 0.00000000E+00
 3  1-2.35105951E-03 3.85454744E-01 1.14590384E-01 1.99119367E-01 0.00000000E+00
 3  2 0.00000000E+00-4.00657730E-02 2.00000000E-15-1.00000000E-15-6.49330956E-02
 3  3-1.00000000E-15 0.00000000E+00-1.35429858E-02-7.98696232E-04-7.98696232E-04
 3  4 4.00249603E-03 0.00000000E+00 0.00000000E+00 0.00000000E+00-1.44064994E-04
 3  5-1.44064994E-04 1.92414312E-02 0.00000000E+00 0.00000000E+00 0.00000000E+00
 3  6-1.00000000E-15 1.00000000E-15-2.60172637E-03 0.00000000E+00 2.53929920E-03
 3  7 0.00000000E+00 2.53929920E-03 0.00000000E+00 0.00000000E+00 0.00000000E+00
 3  8-2.35105951E-03 3.85454744E-01 1.14590384E-01 1.99119367E-01 0.00000000E+00
 3  9 0.00000000E+00 4.00657730E-02 0.00000000E+00 0.00000000E+00 6.49330956E-02
 3 10 0.00000000E+00 0.00000000E+00 1.35429858E-02-7.98696232E-04-7.98696232E-04
 3 11 4.00249603E-03 0.00000000E+00 0.00000000E+00 0.00000000E+00-1.44064994E-04
 3 12-1.44064994E-04 1.92414312E-02 0.00000000E+00 0.00000000E+00 0.00000000E+00
 3 13 0.00000000E+00 0.00000000E+00 2.60172637E-03 0.00000000E+00-2.53929920E-03
 3 14 0.00000000E+00-2.53929920E-03 0.00000000E+00 0.00000000E+00 0.00000000E+00
 4  1-1.75469352E-04 4.22602660E-01 1.27763444E-01 2.88588937E-01 0.00000000E+00
 4  2 0.00000000E+00 4.31573828E-02 0.00000000E+00-1.00000000E-15 4.22355285E-02
 4  3 0.00000000E+00 0.00000000E+00 1.61227957E-02 2.33523798E-03 2.33523798E-03
 4  4-1.66593412E-03 0.00000000E+00 0.00000000E+00 0.00000000E+00 4.90265768E-03
 4  5 4.90265768E-03-2.63646263E-03 0.00000000E+00 0.00000000E+00 0.00000000E+00
 4  6 0.00000000E+00 1.00000000E-15 3.10306789E-03 0.00000000E+00 3.24395173E-04
 4  7 0.00000000E+00 3.24395173E-04 0.00000000E+00 0.00000000E+00 0.00000000E+00
 4  8 1.75469352E-04-4.22602660E-01-1.27763444E-01-2.88588937E-01 0.00000000E+00
 4  9 1.00000000E-15 4.31573828E-02-1.00000000E-15 0.00000000E+00 4.22355285E-02
 4 10 0.00000000E+00 0.00000000E+00 1.61227957E-02-2.33523798E-03-2.33523798E-03
 4 11 1.66593412E-03 0.00000000E+00 0.00000000E+00 0.00000000E+00-4.90265768E-03
 4 12-4.90265768E-03 2.63646263E-03 0.00000000E+00 0.00000000E+00 0.00000000E+00
 4 13 0.00000000E+00 0.00000000E+00 3.10306789E-03 0.00000000E+00 3.24395173E-04
 4 14 0.00000000E+00 3.24395173E-04 0.00000000E+00 0.00000000E+00 0.00000000E+00
 5  1-2.00000000E-15-2.00000000E-15 3.00000000E-15-1.00000000E-14-2.63081155E-01
 5  2-5.63858142E-02 1.00000000E-15-3.27424911E-01-7.01765211E-02 6.00000000E-15
 5  3-2.02329907E-01-4.33650847E-02 0.00000000E+00 1.00000000E-15 1.00000000E-15
 5  4 1.00000000E-15 0.00000000E+00 3.21539029E-03 6.89150082E-04 4.00000000E-15
 5  5 4.00000000E-15 3.00000000E-15 0.00000000E+00 1.61861594E-02 3.46915681E-03
 5  6 3.97550835E-03 8.52065117E-04-1.00000000E-15 3.81055104E-04 0.00000000E+00
 5  7 1.77790138E-03 0.00000000E+00-5.10600133E-03-1.09436209E-03 0.00000000E+00
 5  8 0.00000000E+00-1.00000000E-15 0.00000000E+00 4.00000000E-15-2.63081155E-01
 5  9-5.63858142E-02-2.00000000E-15-3.27424911E-01-7.01765211E-02-1.00000000E-15
 5 10-2.02329907E-01-4.33650847E-02-1.00000000E-15 0.00000000E+00 0.00000000E+00
 5 11 0.00000000E+00 0.00000000E+00-3.21539029E-03-6.89150082E-04 0.00000000E+00
 5 12 0.00000000E+00 0.00000000E+00 0.00000000E+00-1.61861594E-02-3.46915681E-03
 5 13 3.97550835E-03 8.52065117E-04-1.00000000E-15 3.81055104E-04 0.00000000E+00
 5 14 1.77790138E-03 0.00000000E+00-5.10600133E-03-1.09436209E-03 0.00000000E+00
 6  1 0.00000000E+00 1.00000000E-15-1.00000000E-15 3.00000000E-15-5.63858142E-02
 6  2 2.63081155E-01 2.00000000E-15-7.01765211E-02 3.27424911E-01 7.00000000E-15
 6  3-4.33650847E-02 2.02329907E-01-1.00000000E-15 0.00000000E+00 0.00000000E+00
 6  4 0.00000000E+00 0.00000000E+00 6.89150082E-04-3.21539029E-03-1.00000000E-15
 6  5-1.00000000E-15-1.00000000E-15 0.00000000E+00 3.46915681E-03-1.61861594E-02
 6  6 8.52065117E-04-3.97550835E-03-1.00000000E-15-1.77790138E-03-1.00000000E-15
 6  7 3.81055104E-04-1.00000000E-15-1.09436209E-03 5.10600133E-03 0.00000000E+00
 6  8-1.00000000E-15-1.00000000E-15 1.00000000E-15 0.00000000E+00-5.63858142E-02
 6  9 2.63081155E-01-2.00000000E-15-7.01765211E-02 3.27424911E-01 1.00000000E-15
 6 10-4.33650847E-02 2.02329907E-01-2.00000000E-15 0.00000000E+00 0.00000000E+00
 6 11 0.00000000E+00 0.00000000E+00-6.89150082E-04 3.21539029E-03 1.00000000E-15
 6 12 1.00000000E-15 1.00000000E-15 0.00000000E+00-3.46915681E-03 1.61861594E-02
 6 13 8.52065117E-04-3.97550835E-03-2.00000000E-15-1.77790138E-03-1.00000000E-15
 6 14 3.81055104E-04-1.00000000E-15-1.09436209E-03 5.10600133E-03 0.00000000E+00
 7  1 2.99445572E-03 1.05529899E-01 2.31242076E-02 1.70071201E-01 2.00000000E-15
 7  2-1.00000000E-15 2.49604646E-01 3.00000000E-15-3.00000000E-15 3.38791799E-01
 7  3 2.00000000E-15 0.00000000E+00 1.91492133E-01 1.67938949E-03 1.67938949E-03
 7  4-8.55900005E-03 0.00000000E+00 0.00000000E+00 0.00000000E+00-3.89495473E-03
 7  5-3.89495473E-03-4.48265830E-02 0.00000000E+00 0.00000000E+00 0.00000000E+00
 7  6 0.00000000E+00 0.00000000E+00 1.65623589E-03 0.00000000E+00-4.82721739E-03
 7  7 0.00000000E+00-4.82721739E-03 0.00000000E+00 0.00000000E+00 0.00000000E+00
 7  8 2.99445572E-03 1.05529899E-01 2.31242076E-02 1.70071201E-01 2.00000000E-15
 7  9-2.00000000E-15-2.49604646E-01 3.00000000E-15-1.00000000E-15-3.38791799E-01
 7 10 2.00000000E-15-2.00000000E-15-1.91492133E-01 1.67938949E-03 1.67938949E-03
 7 11-8.55900005E-03 0.00000000E+00 0.00000000E+00 0.00000000E+00-3.89495473E-03
 7 12-3.89495473E-03-4.48265830E-02 0.00000000E+00 0.00000000E+00 0.00000000E+00
 7 13 0.00000000E+00 0.00000000E+00-1.65623589E-03 0.00000000E+00 4.82721739E-03
 7 14 0.00000000E+00 4.82721739E-03 0.00000000E+00 0.00000000E+00 0.00000000E+00
 8  1 1.00000000E-15 2.00000000E-15-1.00000000E-15 5.00000000E-15 4.07771986E-02
 8  2 2.95078507E-01 1.00000000E-15 4.91939901E-02 3.55985444E-01-3.00000000E-15
 8  3 3.67036880E-02 2.65601116E-01 0.00000000E+00-1.00000000E-15-1.00000000E-15
 8  4-1.00000000E-15 0.00000000E+00 5.50967203E-06 3.98699728E-05-2.00000000E-15
 8  5-2.00000000E-15-1.00000000E-15-1.00000000E-15 2.54536586E-04 1.84191848E-03
 8  6 2.03071219E-04 1.46949654E-03 2.00000000E-15 6.57178815E-04 1.00000000E-15
 8  7 9.08162080E-05 1.00000000E-15 2.83149443E-04 2.04897143E-03 0.00000000E+00
 8  8 1.00000000E-15 3.00000000E-15 0.00000000E+00-2.00000000E-15-4.07771986E-02
 8  9-2.95078507E-01 1.00000000E-15-4.91939901E-02-3.55985444E-01 1.00000000E-15
 8 10-3.67036880E-02-2.65601116E-01-1.00000000E-15-1.00000000E-15-1.00000000E-15
 8 11-1.00000000E-15 0.00000000E+00 5.50967203E-06 3.98699728E-05 0.00000000E+00
 8 12-1.00000000E-15-1.00000000E-15 0.00000000E+00 2.54536586E-04 1.84191848E-03
 8 13-2.03071219E-04-1.46949654E-03 0.00000000E+00-6.57178815E-04 0.00000000E+00
 8 14-9.08162080E-05 0.00000000E+00-2.83149443E-04-2.04897143E-03 0.00000000E+00
 9  1 2.00000000E-15 4.00000000E-15-1.00000000E-15 6.00000000E-15 2.95078507E-01
 9  2-4.07771986E-02-1.00000000E-15 3.55985444E-01-4.91939901E-02 2.00000000E-15
 9  3 2.65601116E-01-3.67036880E-02-4.00000000E-15-1.00000000E-15-1.00000000E-15
 9  4-1.00000000E-15 0.00000000E+00 3.98699728E-05-5.50967203E-06-3.00000000E-15
 9  5-2.00000000E-15-2.00000000E-15 0.00000000E+00 1.84191848E-03-2.54536586E-04
 9  6 1.46949654E-03-2.03071219E-04-1.00000000E-15-9.08162080E-05 0.00000000E+00
 9  7 6.57178815E-04-1.00000000E-15 2.04897143E-03-2.83149443E-04 0.00000000E+00
 9  8 1.00000000E-15 3.00000000E-15 0.00000000E+00-5.00000000E-15-2.95078507E-01
 9  9 4.07771986E-02-1.00000000E-15-3.55985444E-01 4.91939901E-02 0.00000000E+00
 9 10-2.65601116E-01 3.67036880E-02-3.00000000E-15-1.00000000E-15-1.00000000E-15
 9 11-1.00000000E-15 0.00000000E+00 3.98699728E-05-5.50967203E-06 0.00000000E+00
 9 12 0.00000000E+00 0.00000000E+00 0.00000000E+00 1.84191848E-03-2.54536586E-04
 9 13-1.46949654E-03 2.03071219E-04 0.00000000E+00 9.08162080E-05 0.00000000E+00
 9 14-6.57178815E-04 0.00000000E+00-2.04897143E-03 2.83149443E-04 0.00000000E+00
10  1 3.33962774E-03-1.41503183E-01-5.03663027E-02-4.20810331E-01 1.00000000E-15
10  2-1.00000000E-15 2.89091200E-01 1.00000000E-15-1.00000000E-15 2.94923195E-01
10  3 1.00000000E-15-1.00000000E-15 6.40754536E-01-6.01946442E-03-6.01946442E-03
10  4 3.68423819E-03 0.00000000E+00 0.00000000E+00 0.00000000E+00-8.02107996E-03
10  5-8.02107996E-03 3.95419377E-03 0.00000000E+00 0.00000000E+00 0.00000000E+00
10  6 0.00000000E+00 0.00000000E+00 2.27306124E-02 0.00000000E+00 8.98411008E-03
10  7 0.00000000E+00 8.98411008E-03 0.00000000E+00 0.00000000E+00 0.00000000E+00
10  8-3.33962774E-03 1.41503183E-01 5.03663027E-02 4.20810331E-01-1.00000000E-15
10  9 0.00000000E+00 2.89091200E-01-1.00000000E-15 0.00000000E+00 2.94923195E-01
10 10-1.00000000E-15 1.00000000E-15 6.40754536E-01 6.01946442E-03 6.01946442E-03
10 11-3.68423819E-03 0.00000000E+00 0.00000000E+00 0.00000000E+00 8.02107996E-03
10 12 8.02107996E-03-3.95419377E-03 0.00000000E+00 0.00000000E+00 0.00000000E+00
10 13 0.00000000E+00 0.00000000E+00 2.27306124E-02 0.00000000E+00 8.98411008E-03
10 14 0.00000000E+00 8.98411008E-03 0.00000000E+00 0.00000000E+00 0.00000000E+00
11  1 3.63911016E-02-1.18602681E-01-5.52487932E-01 1.98295074E+00-1.00000000E-15
11  2 0.00000000E+00-2.90540447E-02-3.00000000E-15 4.00000000E-15-1.48989328E-01
11  3 2.00000000E-15-4.00000000E-15 1.68117430E-01-8.97559817E-02-8.97559817E-02
11  4-9.32881578E-02 0.00000000E+00 0.00000000E+00 0.00000000E+00-6.32772154E-01
11  5-6.32772154E-01-6.56218082E-01 0.00000000E+00 0.00000000E+00 0.00000000E+00
11  6 1.00000000E-15-1.00000000E-15 2.84796004E-02 0.00000000E+00 1.92630967E-02
11  7 0.00000000E+00 1.92630967E-02 0.00000000E+00 0.00000000E+00 0.00000000E+00
11  8 3.63911016E-02-1.18602681E-01-5.52487932E-01 1.98295074E+00-1.00000000E-15
11  9 1.00000000E-15 2.90540447E-02-3.00000000E-15 6.00000000E-15 1.48989328E-01
11 10 2.00000000E-15-5.00000000E-15-1.68117430E-01-8.97559817E-02-8.97559817E-02
11 11-9.32881578E-02 0.00000000E+00 0.00000000E+00 0.00000000E+00-6.32772154E-01
11 12-6.32772154E-01-6.56218082E-01 0.00000000E+00 0.00000000E+00 0.00000000E+00
11 13 1.00000000E-15-2.00000000E-15-2.84796004E-02-1.00000000E-15-1.92630967E-02
11 14 0.00000000E+00-1.92630967E-02 0.00000000E+00-1.00000000E-15 0.00000000E+00
12  1 5.71894101E-02 2.22551406E-02-2.49115622E-01 4.45648997E-01 1.00000000E-15
12  2-1.00000000E-15-1.33044599E-01 2.10000000E-14-6.00000000E-15-7.34918930E-01
12  3-2.00000000E-14 5.00000000E-15 1.07300430E+00-5.66867579E-02-5.66867579E-02
12  4-3.94582652E-02 0.00000000E+00 0.00000000E+00 0.00000000E+00-2.64242426E-01
12  5-2.64242426E-01-3.97735044E-01 0.00000000E+00 0.00000000E+00 0.00000000E+00
12  6-5.00000000E-15 1.00000000E-15 1.53283368E-01 1.00000000E-15 6.31735816E-02
12  7-2.00000000E-15 6.31735816E-02-2.00000000E-15 1.00000000E-15 0.00000000E+00
12  8-5.71894101E-02-2.22551406E-02 2.49115622E-01-4.45648997E-01 1.00000000E-15
12  9 0.00000000E+00-1.33044599E-01 1.20000000E-14-3.00000000E-15-7.34918930E-01
12 10-9.00000000E-15 2.00000000E-15 1.07300430E+00 5.66867579E-02 5.66867579E-02
12 11 3.94582652E-02 0.00000000E+00 0.00000000E+00 0.00000000E+00 2.64242426E-01
12 12 2.64242426E-01 3.97735044E-01 0.00000000E+00 0.00000000E+00 0.00000000E+00
12 13-3.00000000E-15 1.00000000E-15 1.53283368E-01 0.00000000E+00 6.31735816E-02
12 14-1.00000000E-15 6.31735816E-02-1.00000000E-15 0.00000000E+00 0.00000000E+00
13  1 2.00000000E-15 4.00000000E-15-4.00000000E-15 7.00000000E-15-9.38532631E-02
13  2 2.31245650E-02-2.00000000E-15-9.66638638E-01 2.38170707E-01-8.00000000E-15
13  3 7.82605608E-01-1.92826692E-01 1.40000000E-14-1.00000000E-15-2.00000000E-15
13  4-1.00000000E-15 0.00000000E+00-1.39362157E-03 3.43375302E-04-7.00000000E-15
13  5-6.00000000E-15-8.00000000E-15 0.00000000E+00 2.33717002E-02-5.75856803E-03
13  6 2.34874648E-01-5.78709135E-02 1.00000000E-15-2.58806593E-02 0.00000000E+00
13  7 1.05039136E-01 0.00000000E+00 1.00098039E-01-2.46632193E-02 0.00000000E+00
13  8 0.00000000E+00 4.00000000E-15 6.00000000E-15-1.30000000E-14-9.38532631E-02
13  9 2.31245650E-02-3.00000000E-15-9.66638638E-01 2.38170707E-01-1.80000000E-14
13 10 7.82605608E-01-1.92826692E-01 2.30000000E-14 0.00000000E+00 2.00000000E-15
13 11 0.00000000E+00 0.00000000E+00 1.39362157E-03-3.43375302E-04 5.00000000E-15
13 12 3.00000000E-15 6.00000000E-15 0.00000000E+00-2.33717002E-02 5.75856803E-03
13 13 2.34874648E-01-5.78709135E-02 4.00000000E-15-2.58806593E-02 2.00000000E-15
13 14 1.05039136E-01 2.00000000E-15 1.00098039E-01-2.46632193E-02 0.00000000E+00
14  1 0.00000000E+00-1.00000000E-15-2.00000000E-15 6.00000000E-15-2.31245650E-02
14  2-9.38532631E-02 0.00000000E+00-2.38170707E-01-9.66638638E-01 1.00000000E-15
14  3 1.92826692E-01 7.82605608E-01 2.00000000E-15 0.00000000E+00-1.00000000E-15
14  4 0.00000000E+00 0.00000000E+00-3.43375302E-04-1.39362157E-03-3.00000000E-15
14  5-2.00000000E-15-3.00000000E-15 0.00000000E+00 5.75856803E-03 2.33717002E-02
14  6 5.78709135E-02 2.34874648E-01-1.00000000E-15 1.05039136E-01 0.00000000E+00
14  7 2.58806593E-02 0.00000000E+00 2.46632193E-02 1.00098039E-01 0.00000000E+00
14  8 0.00000000E+00-1.00000000E-15-3.00000000E-15 1.20000000E-14-2.31245650E-02
14  9-9.38532631E-02 0.00000000E+00-2.38170707E-01-9.66638638E-01 1.00000000E-15
14 10 1.92826692E-01 7.82605608E-01 1.00000000E-15 0.00000000E+00 0.00000000E+00
14 11-1.00000000E-15 0.00000000E+00 3.43375302E-04 1.39362157E-03-3.00000000E-15
14 12-4.00000000E-15-3.00000000E-15 0.00000000E+00-5.75856803E-03-2.33717002E-02
14 13 5.78709135E-02 2.34874648E-01 0.00000000E+00 1.05039136E-01 0.00000000E+00
14 14 2.58806593E-02 0.00000000E+00 2.46632193E-02 1.00098039E-01 0.00000000E+00
15  1 4.53389023E-03 2.00456373E-02 1.20906679E-01-1.71867903E-01 2.00000000E-15
15  2 5.00000000E-15-2.63437994E-02 3.60000000E-14 7.00000000E-14-1.08068932E+00
15  3-4.60000000E-14-8.70000000E-14 9.94486757E-01 1.28202873E-02 1.28202873E-02
15  4 2.90548520E-02 0.00000000E+00 0.00000000E+00-1.00000000E-15 1.15565485E-01
15  5 1.15565485E-01 2.22332392E-01 0.00000000E+00 0.00000000E+00 0.00000000E+00
15  6-9.00000000E-15-1.70000000E-14 2.77658701E-01-8.00000000E-15 1.15818231E-01
15  7-4.00000000E-15 1.15818231E-01-4.00000000E-15-8.00000000E-15 0.00000000E+00
15  8 4.53389023E-03 2.00456373E-02 1.20906679E-01-1.71867903E-01-3.00000000E-15
15  9-5.00000000E-15 2.63437994E-02-4.30000000E-14-6.90000000E-14 1.08068932E+00
15 10 5.20000000E-14 8.60000000E-14-9.94486757E-01 1.28202873E-02 1.28202873E-02
15 11 2.90548520E-02 0.00000000E+00 0.00000000E+00-1.00000000E-15 1.15565485E-01
15 12 1.15565485E-01 2.22332392E-01 0.00000000E+00 0.00000000E+00 0.00000000E+00
15 13 1.00000000E-14 1.70000000E-14-2.77658701E-01 8.00000000E-15-1.15818231E-01
15 14 5.00000000E-15-1.15818231E-01 5.00000000E-15 8.00000000E-15 0.00000000E+00
16  1 2.00000000E-15 4.00000000E-15 5.00000000E-15-3.60000000E-14-6.71481017E-02
16  2 2.72418201E-02-1.00000000E-15-9.29721602E-01 3.77185772E-01-1.80000000E-14
16  3 1.14371325E+00-4.64001657E-01 3.10000000E-14 0.00000000E+00 0.00000000E+00
16  4 1.00000000E-15 0.00000000E+00 7.06100858E-03-2.86463385E-03 6.00000000E-15
16  5 6.00000000E-15 6.00000000E-15 0.00000000E+00 4.12629717E-03-1.67402864E-03
16  6 2.25971286E-01-9.16759963E-02 4.00000000E-15-4.09987519E-02 2.00000000E-15
16  7 1.01057431E-01 2.00000000E-15 1.02397134E-01-4.15422661E-02 0.00000000E+00
16  8-2.00000000E-15-3.00000000E-15-4.00000000E-15 3.50000000E-14 6.71481017E-02
16  9-2.72418201E-02-1.00000000E-15 9.29721602E-01-3.77185772E-01 4.00000000E-15
16 10-1.14371325E+00 4.64001657E-01 1.10000000E-14 0.00000000E+00 0.00000000E+00
16 11 0.00000000E+00 0.00000000E+00 7.06100858E-03-2.86463385E-03-5.00000000E-15
16 12-5.00000000E-15-2.00000000E-15 0.00000000E+00 4.12629717E-03-1.67402864E-03
16 13-2.25971286E-01 9.16759963E-02-1.00000000E-15 4.09987519E-02-1.00000000E-15
16 14-1.01057431E-01-1.00000000E-15-1.02397134E-01 4.15422661E-02 0.00000000E+00
17  1 1.00000000E-15 2.00000000E-15 9.00000000E-15-1.30000000E-14-2.72418201E-02
17  2-6.71481017E-02-2.00000000E-15-3.77185772E-01-9.29721602E-01-8.70000000E-14
17  3 4.64001657E-01 1.14371325E+00 7.90000000E-14 1.00000000E-15 1.00000000E-15
17  4 2.00000000E-15 0.00000000E+00 2.86463385E-03 7.06100858E-03 9.00000000E-15
17  5 9.00000000E-15 1.80000000E-14 0.00000000E+00 1.67402864E-03 4.12629717E-03
17  6 9.16759963E-02 2.25971286E-01 2.30000000E-14 1.01057431E-01 9.00000000E-15
17  7 4.09987519E-02 9.00000000E-15 4.15422661E-02 1.02397134E-01 0.00000000E+00
17  8 0.00000000E+00 2.00000000E-15 1.00000000E-14-1.50000000E-14 2.72418201E-02
17  9 6.71481017E-02 2.00000000E-15 3.77185772E-01 9.29721602E-01 8.60000000E-14
17 10-4.64001657E-01-1.14371325E+00-7.90000000E-14 1.00000000E-15 1.00000000E-15
17 11 2.00000000E-15 0.00000000E+00 2.86463385E-03 7.06100858E-03 1.00000000E-14
17 12 1.00000000E-14 1.80000000E-14 0.00000000E+00 1.67402864E-03 4.12629717E-03
17 13-9.16759963E-02-2.25971286E-01-2.20000000E-14-1.01057431E-01-9.00000000E-15
17 14-4.09987519E-02-9.00000000E-15-4.15422661E-02-1.02397134E-01 0.00000000E+00
18  1-1.05970198E-01-3.52489132E-01-7.93692899E-01 5.15475356E+00-1.00000000E-15
18  2 0.00000000E+00 2.39104223E-02-8.00000000E-15 2.00000000E-15 4.62848730E-01
18  3 8.00000000E-15-3.00000000E-15-2.18500828E+00-7.96557494E-02-7.96557494E-02
18  4-1.04414608E-01 0.00000000E+00 0.00000000E+00 0.00000000E+00-9.29454491E-01
18  5-9.29454491E-01-9.17141677E-01 0.00000000E+00 0.00000000E+00 0.00000000E+00
18  6 2.00000000E-15-1.00000000E-15-9.49651139E-02 0.00000000E+00-5.03387199E-02
18  7 1.00000000E-15-5.03387199E-02 1.00000000E-15 0.00000000E+00 0.00000000E+00
18  8 1.05970198E-01 3.52489132E-01 7.93692899E-01-5.15475356E+00 0.00000000E+00
18  9 0.00000000E+00 2.39104223E-02 7.00000000E-15-3.00000000E-15 4.62848730E-01
18 10-9.00000000E-15 4.00000000E-15-2.18500828E+00 7.96557494E-02 7.96557494E-02
18 11 1.04414608E-01 0.00000000E+00 0.00000000E+00 0.00000000E+00 9.29454491E-01
18 12 9.29454491E-01 9.17141677E-01 0.00000000E+00 0.00000000E+00 0.00000000E+00
18 13-2.00000000E-15 1.00000000E-15-9.49651139E-02 0.00000000E+00-5.03387199E-02
18 14-1.00000000E-15-5.03387199E-02-1.00000000E-15 0.00000000E+00 0.00000000E+00
19  1 0.00000000E+00 0.00000000E+00 0.00000000E+00 1.00000000E-15 5.61486974E-03
19  2 8.75295724E-02 0.00000000E+00-7.96424829E-03-1.24153770E-01-1.00000000E-15
19  3 5.67111311E-03 8.84063440E-02 0.00000000E+00 0.00000000E+00 0.00000000E+00
19  4 0.00000000E+00 0.00000000E+00-1.23694429E-04-1.92825853E-03 0.00000000E+00
19  5-1.00000000E-15 0.00000000E+00 1.00000000E-15 4.00225463E-02 6.23906971E-01
19  6 4.53310081E-03 7.06659983E-02 0.00000000E+00 3.16027952E-02 0.00000000E+00
19  7 2.02726431E-03 0.00000000E+00 7.34953984E-04 1.14571149E-02 0.00000000E+00
19  8 0.00000000E+00 0.00000000E+00 0.00000000E+00-1.00000000E-15 5.61486974E-03
19  9 8.75295724E-02 0.00000000E+00-7.96424829E-03-1.24153770E-01 0.00000000E+00
19 10 5.67111311E-03 8.84063440E-02 0.00000000E+00 0.00000000E+00 0.00000000E+00
19 11 0.00000000E+00 0.00000000E+00 1.23694429E-04 1.92825853E-03 0.00000000E+00
19 12 1.00000000E-15 0.00000000E+00 0.00000000E+00-4.00225463E-02-6.23906971E-01
19 13 4.53310081E-03 7.06659983E-02 0.00000000E+00 3.16027952E-02 0.00000000E+00
19 14 2.02726431E-03 0.00000000E+00 7.34953984E-04 1.14571149E-02 0.00000000E+00
20  1 0.00000000E+00 0.00000000E+00 0.00000000E+00-1.00000000E-15-8.75295724E-02
20  2 5.61486974E-03 0.00000000E+00 1.24153770E-01-7.96424829E-03 0.00000000E+00
20  3-8.84063440E-02 5.67111311E-03 0.00000000E+00 0.00000000E+00 0.00000000E+00
20  4 0.00000000E+00 0.00000000E+00 1.92825853E-03-1.23694429E-04 0.00000000E+00
20  5 1.00000000E-15 1.00000000E-15 2.00000000E-15-6.23906971E-01 4.00225463E-02
20  6-7.06659983E-02 4.53310081E-03 0.00000000E+00 2.02726431E-03 0.00000000E+00
20  7-3.16027952E-02 0.00000000E+00-1.14571149E-02 7.34953984E-04 0.00000000E+00
20  8 0.00000000E+00-1.00000000E-15 0.00000000E+00 0.00000000E+00-8.75295724E-02
20  9 5.61486974E-03 0.00000000E+00 1.24153770E-01-7.96424829E-03 0.00000000E+00
20 10-8.84063440E-02 5.67111311E-03 0.00000000E+00 0.00000000E+00 0.00000000E+00
20 11 0.00000000E+00 0.00000000E+00-1.92825853E-03 1.23694429E-04 0.00000000E+00
20 12 1.00000000E-15 0.00000000E+00 1.00000000E-15 6.23906971E-01-4.00225463E-02
20 13-7.06659983E-02 4.53310081E-03 0.00000000E+00 2.02726431E-03 0.00000000E+00
20 14-3.16027952E-02 0.00000000E+00-1.14571149E-02 7.34953984E-04 0.00000000E+00
21  1 0.00000000E+00 0.00000000E+00 0.00000000E+00 0.00000000E+00 0.00000000E+00
21  2 0.00000000E+00 0.00000000E+00 0.00000000E+00 0.00000000E+00 0.00000000E+00
21  3 0.00000000E+00 0.00000000E+00 0.00000000E+00 6.20524696E-06-6.20524696E-06
21  4 0.00000000E+00-1.06095031E-02 0.00000000E+00 0.00000000E+00-4.03916065E-04
21  5 4.03916065E-04 0.00000000E+00 6.90600836E-01 1.00000000E-15 0.00000000E+00
21  6 0.00000000E+00 0.00000000E+00 0.00000000E+00 0.00000000E+00 8.59362509E-06
21  7 0.00000000E+00-8.59362509E-06 0.00000000E+00 0.00000000E+00-1.46930642E-02
21  8 0.00000000E+00 0.00000000E+00 0.00000000E+00 0.00000000E+00 0.00000000E+00
21  9 0.00000000E+00 0.00000000E+00 0.00000000E+00 0.00000000E+00 0.00000000E+00
21 10 0.00000000E+00 0.00000000E+00 0.00000000E+00 6.20524696E-06-6.20524696E-06
21 11 0.00000000E+00-1.06095031E-02 0.00000000E+00 0.00000000E+00-4.03916065E-04
21 12 4.03916065E-04 0.00000000E+00 6.90600836E-01-1.00000000E-15 0.00000000E+00
21 13 0.00000000E+00 0.00000000E+00 0.00000000E+00 0.00000000E+00-8.59362509E-06
21 14 0.00000000E+00 8.59362509E-06 0.00000000E+00 0.00000000E+00 1.46930642E-02
22  1 8.00000000E-15 2.30000000E-14 1.30000000E-14-8.00000000E-14 0.00000000E+00
22  2 0.00000000E+00-4.00000000E-15-1.00000000E-15 1.00000000E-15-5.00000000E-15
22  3 0.00000000E+00 0.00000000E+00 3.80000000E-14-9.18809921E-03 9.18809921E-03
22  4 0.00000000E+00-7.16520199E-06 0.00000000E+00 0.00000000E+00 5.98077868E-01
22  5-5.98077868E-01 2.20000000E-14 4.66402097E-04 0.00000000E+00 0.00000000E+00
22  6 0.00000000E+00 0.00000000E+00 0.00000000E+00 0.00000000E+00-1.27245669E-02
22  7 0.00000000E+00 1.27245669E-02 0.00000000E+00 0.00000000E+00-9.92306353E-06
22  8-4.70000000E-14-1.11000000E-13 9.00000000E-15 3.10000000E-14 0.00000000E+00
22  9 0.00000000E+00-4.00000000E-15 0.00000000E+00 1.00000000E-15 3.00000000E-15
22 10 0.00000000E+00 0.00000000E+00 3.10000000E-14-9.18809921E-03 9.18809921E-03
22 11 1.70000000E-14-7.16520199E-06 0.00000000E+00 0.00000000E+00 5.98077868E-01
22 12-5.98077868E-01 1.60000000E-14 4.66402097E-04 0.00000000E+00 0.00000000E+00
22 13 0.00000000E+00 0.00000000E+00-3.00000000E-15 0.00000000E+00 1.27245669E-02
22 14 0.00000000E+00-1.27245669E-02 0.00000000E+00 0.00000000E+00 9.92306353E-06
23  1 1.20000000E-14 3.20000000E-14 2.00000000E-15-2.50000000E-14 0.00000000E+00
23  2 1.00000000E-15 0.00000000E+00-1.00000000E-15-4.00000000E-15-4.00000000E-15
23  3 0.00000000E+00 1.00000000E-15 9.00000000E-15-1.37433786E-03 1.37433786E-03
23  4-3.00000000E-15 1.35747470E-08 0.00000000E+00 0.00000000E+00 6.32710460E-01
23  5-6.32710460E-01-1.00000000E-15-6.24947090E-06 1.00000000E-15 0.00000000E+00
23  6 0.00000000E+00 1.00000000E-15 0.00000000E+00 1.00000000E-15 6.34327982E-03
23  7 0.00000000E+00-6.34327982E-03 0.00000000E+00 1.00000000E-15-6.26544770E-08
23  8 4.80000000E-14 1.10000000E-13-2.90000000E-14 8.90000000E-14-1.00000000E-15
23  9-1.00000000E-15-2.00000000E-15 2.00000000E-15 3.00000000E-15 0.00000000E+00
23 10 0.00000000E+00 0.00000000E+00 1.50000000E-14 1.37433786E-03-1.37433786E-03
23 11-1.90000000E-14-1.35747470E-08 0.00000000E+00 0.00000000E+00-6.32710460E-01
23 12 6.32710460E-01-6.00000000E-14 6.24947090E-06 1.00000000E-15 2.00000000E-15
23 13-1.00000000E-15-1.00000000E-15-1.00000000E-15-1.00000000E-15 6.34327982E-03
23 14 0.00000000E+00-6.34327982E-03-1.00000000E-15-1.00000000E-15-6.26544770E-08
24  1-1.00000000E-15-1.00000000E-15-1.00000000E-15 2.00000000E-15 0.00000000E+00
24  2 0.00000000E+00 0.00000000E+00 0.00000000E+00 0.00000000E+00 3.00000000E-15
24  3 0.00000000E+00 1.00000000E-15-2.00000000E-15-1.17560760E-08 1.17560750E-08
24  4 0.00000000E+00-1.58694871E-03 0.00000000E+00 0.00000000E+00 5.41220056E-06
24  5-5.41220056E-06 2.00000000E-15 7.30591109E-01 1.00000000E-15-1.00000000E-15
24  6 0.00000000E+00 0.00000000E+00 0.00000000E+00 0.00000000E+00 5.42603680E-08
24  7 0.00000000E+00-5.42603690E-08 0.00000000E+00 0.00000000E+00 7.32458864E-03
24  8 0.00000000E+00-2.00000000E-15-1.00000000E-15 2.00000000E-15 0.00000000E+00
24  9 0.00000000E+00-1.00000000E-15-1.00000000E-15 1.00000000E-15-3.00000000E-15
24 10 0.00000000E+00-1.00000000E-15 2.00000000E-15 1.17560760E-08-1.17560760E-08
24 11 0.00000000E+00 1.58694871E-03 0.00000000E+00 0.00000000E+00-5.41220056E-06
24 12 5.41220056E-06 3.00000000E-15-7.30591109E-01 0.00000000E+00 0.00000000E+00
24 13 0.00000000E+00 0.00000000E+00 1.00000000E-15 0.00000000E+00 5.42603690E-08
24 14 0.00000000E+00-5.42603680E-08 0.00000000E+00 0.00000000E+00 7.32458864E-03
25  1-4.55985487E-02-2.05710990E-01-1.35880055E-01 2.30506505E-01 0.00000000E+00
25  2 0.00000000E+00 8.59263025E-02 0.00000000E+00 0.00000000E+00 4.92658352E-01
25  3 0.00000000E+00 0.00000000E+00-3.45739477E-01-1.76950937E-02-1.76950937E-02
25  4 2.10313419E-02 0.00000000E+00 0.00000000E+00 0.00000000E+00-3.99763228E-01
25  5-3.99763228E-01 5.79645814E-01-3.00000000E-15-1.00000000E-15 0.00000000E+00
25  6 0.00000000E+00 0.00000000E+00-9.20087441E-02 0.00000000E+00-5.73704534E-02
25  7 0.00000000E+00-5.73704534E-02 0.00000000E+00 0.00000000E+00 0.00000000E+00
25  8-4.55985487E-02-2.05710990E-01-1.35880055E-01 2.30506505E-01 0.00000000E+00
25  9 0.00000000E+00-8.59263025E-02 1.00000000E-15 0.00000000E+00-4.92658352E-01
25 10-1.00000000E-15 0.00000000E+00 3.45739477E-01-1.76950937E-02-1.76950937E-02
25 11 2.10313419E-02 0.00000000E+00 0.00000000E+00 0.00000000E+00-3.99763228E-01
25 12-3.99763228E-01 5.79645814E-01 4.00000000E-15-2.00000000E-15 0.00000000E+00
25 13 0.00000000E+00 0.00000000E+00 9.20087441E-02 0.00000000E+00 5.73704534E-02
25 14 0.00000000E+00 5.73704534E-02 0.00000000E+00 0.00000000E+00 0.00000000E+00
26  1-6.00000000E-15-1.50000000E-14 4.00000000E-15-1.60000000E-14 1.22748619E-02
26  2-8.81981207E-02 0.00000000E+00-4.67758757E-02 3.36097007E-01-1.00000000E-15
26  3 5.72870429E-02-4.11622516E-01 1.00000000E-15 2.00000000E-15 2.00000000E-15
26  4 2.00000000E-15 0.00000000E+00-9.23527908E-04 6.63579165E-03 1.20000000E-14
26  5 1.30000000E-14 1.00000000E-14 1.00000000E-15-1.18739575E-01 8.53175170E-01
26  6 1.89172246E-02-1.35925249E-01 1.00000000E-15-6.07876193E-02 0.00000000E+00
26  7 8.46004002E-03 0.00000000E+00 3.11863168E-03-2.24081914E-02 0.00000000E+00
26  8-6.00000000E-15-1.60000000E-14 4.00000000E-15-1.60000000E-14-1.22748619E-02
26  9 8.81981207E-02 0.00000000E+00 4.67758757E-02-3.36097007E-01 0.00000000E+00
26 10-5.72870429E-02 4.11622516E-01-1.00000000E-15 3.00000000E-15 1.00000000E-15
26 11 2.00000000E-15 0.00000000E+00-9.23527908E-04 6.63579165E-03 1.30000000E-14
26 12 1.30000000E-14 1.00000000E-14 0.00000000E+00-1.18739575E-01 8.53175170E-01
26 13-1.89172246E-02 1.35925249E-01 0.00000000E+00 6.07876193E-02 0.00000000E+00
26 14-8.46004002E-03 0.00000000E+00-3.11863168E-03 2.24081914E-02 0.00000000E+00
27  1 2.00000000E-15 5.00000000E-15-2.00000000E-15 7.00000000E-15-8.81981207E-02
27  2-1.22748619E-02 0.00000000E+00 3.36097007E-01 4.67758757E-02 1.00000000E-15
27  3-4.11622516E-01-5.72870429E-02-1.00000000E-15-1.00000000E-15-1.00000000E-15
27  4-1.00000000E-15 0.00000000E+00 6.63579165E-03 9.23527908E-04-6.00000000E-15
27  5-5.00000000E-15-3.00000000E-15 0.00000000E+00 8.53175170E-01 1.18739575E-01
27  6-1.35925249E-01-1.89172246E-02 0.00000000E+00-8.46004002E-03 0.00000000E+00
27  7-6.07876193E-02 0.00000000E+00-2.24081914E-02-3.11863168E-03 0.00000000E+00
27  8 2.00000000E-15 5.00000000E-15-2.00000000E-15 7.00000000E-15 8.81981207E-02
27  9 1.22748619E-02 0.00000000E+00-3.36097007E-01-4.67758757E-02-1.00000000E-15
27 10 4.11622516E-01 5.72870429E-02 1.00000000E-15-1.00000000E-15-1.00000000E-15
27 11-1.00000000E-15 0.00000000E+00 6.63579165E-03 9.23527908E-04-4.00000000E-15
27 12-7.00000000E-15-3.00000000E-15 0.00000000E+00 8.53175170E-01 1.18739575E-01
27 13 1.35925249E-01 1.89172246E-02 0.00000000E+00 8.46004002E-03 0.00000000E+00
27 14 6.07876193E-02 0.00000000E+00 2.24081914E-02 3.11863168E-03 0.00000000E+00
28  1-2.09627699E-01-4.65597183E-01-2.64796403E-01 2.65774278E+00 0.00000000E+00
28  2 0.00000000E+00-4.11019196E-01 0.00000000E+00 0.00000000E+00 8.58335832E-01
28  3 0.00000000E+00-1.00000000E-15-1.63177889E+00 2.02507227E-02 2.02507227E-02
28  4 8.09336612E-03 0.00000000E+00 0.00000000E+00 0.00000000E+00-6.65080015E-01
28  5-6.65080015E-01 7.78591124E-01 0.00000000E+00 0.00000000E+00 0.00000000E+00
28  6 0.00000000E+00 0.00000000E+00-3.68807948E-01 0.00000000E+00-1.72420575E-01
28  7 0.00000000E+00-1.72420575E-01 0.00000000E+00 0.00000000E+00 0.00000000E+00
28  8 2.09627699E-01 4.65597183E-01 2.64796403E-01-2.65774278E+00 0.00000000E+00
28  9 0.00000000E+00-4.11019196E-01 1.00000000E-15-1.00000000E-15 8.58335832E-01
28 10-1.00000000E-15 0.00000000E+00-1.63177889E+00-2.02507227E-02-2.02507227E-02
28 11-8.09336613E-03 0.00000000E+00 0.00000000E+00 0.00000000E+00 6.65080015E-01
28 12 6.65080015E-01-7.78591124E-01 0.00000000E+00 0.00000000E+00 0.00000000E+00
28 13 0.00000000E+00 0.00000000E+00-3.68807948E-01 0.00000000E+00-1.72420575E-01
28 14 0.00000000E+00-1.72420575E-01 0.00000000E+00 0.00000000E+00 0.00000000E+00
29  1-6.44911565E-01-1.77607056E+00 4.44368658E-01-1.82680614E+00 3.00000000E-15
29  2 1.00000000E-15 8.96971509E-03-1.00000000E-14-5.00000000E-15-7.43203866E-04
29  3 2.00000000E-15 4.00000000E-15 7.30977945E-02 2.42964998E-01 2.42964998E-01
29  4 2.45691445E-01 0.00000000E+00 0.00000000E+00 0.00000000E+00 1.45540115E+00
29  5 1.45540115E+00 1.19358463E+00 0.00000000E+00 4.00000000E-15-8.00000000E-15
29  6 4.00000000E-15 2.00000000E-15 1.93452552E-02 1.00000000E-15-1.66200269E-02
29  7 2.00000000E-15-1.66200269E-02 1.00000000E-15 0.00000000E+00 0.00000000E+00
29  8-6.44911565E-01-1.77607056E+00 4.44368658E-01-1.82680614E+00 3.00000000E-15
29  9 1.00000000E-15-8.96971510E-03-1.20000000E-14-2.00000000E-15 7.43203886E-04
29 10 5.00000000E-15-3.00000000E-15-7.30977945E-02 2.42964998E-01 2.42964998E-01
29 11 2.45691445E-01 0.00000000E+00 0.00000000E+00 0.00000000E+00 1.45540115E+00
29 12 1.45540115E+00 1.19358463E+00 0.00000000E+00 5.00000000E-15-7.00000000E-15
29 13 5.00000000E-15 1.00000000E-15-1.93452552E-02 0.00000000E+00 1.66200269E-02
29 14 2.00000000E-15 1.66200269E-02 1.00000000E-15 1.00000000E-15 0.00000000E+00
30  1-5.62526741E-01-1.57109360E+00 6.50734543E-01-3.70990882E+00 0.00000000E+00
30  2 0.00000000E+00-1.96326614E-01 1.00000000E-15 0.00000000E+00 4.33395334E-01
30  3 0.00000000E+00 0.00000000E+00 7.06632900E-01 2.54268719E-01 2.54268719E-01
30  4 2.24108446E-01 0.00000000E+00 0.00000000E+00 0.00000000E+00 1.73096461E+00
30  5 1.73096461E+00 1.42788496E+00 0.00000000E+00 0.00000000E+00 0.00000000E+00
30  6 0.00000000E+00 0.00000000E+00-2.14164997E-01 0.00000000E+00-8.23064654E-02
30  7 0.00000000E+00-8.23064654E-02 0.00000000E+00 0.00000000E+00 0.00000000E+00
30  8 5.62526741E-01 1.57109360E+00-6.50734543E-01 3.70990882E+00 0.00000000E+00
30  9 0.00000000E+00-1.96326614E-01 1.00000000E-15 0.00000000E+00 4.33395334E-01
30 10 0.00000000E+00 0.00000000E+00 7.06632900E-01-2.54268719E-01-2.54268719E-01
30 11-2.24108446E-01 0.00000000E+00 0.00000000E+00 0.00000000E+00-1.73096461E+00
30 12-1.73096461E+00-1.42788496E+00 0.00000000E+00 0.00000000E+00 0.00000000E+00
30 13 0.00000000E+00 0.00000000E+00-2.14164997E-01 0.00000000E+00-8.23064654E-02
30 14 0.00000000E+00-8.23064654E-02 0.00000000E+00 0.00000000E+00 0.00000000E+00
31  1 2.00000000E-15 6.00000000E-15-1.00000000E-15 6.00000000E-15 7.57353027E-01
31  2 5.95141554E-01-1.00000000E-15-2.21061520E+00-1.73714096E+00 3.00000000E-15
31  3 4.53254824E-01 3.56175747E-01-1.00000000E-15-1.00000000E-15-1.00000000E-15
31  4-1.00000000E-15 0.00000000E+00-3.83903277E-03-3.01678061E-03-5.00000000E-15
31  5-5.00000000E-15-4.00000000E-15 0.00000000E+00-7.20654426E-02-5.66303137E-02
31  6 8.90129919E-01 6.99480011E-01-1.00000000E-15 3.12816971E-01 0.00000000E+00
31  7 3.98078202E-01-1.00000000E-15 3.71802777E-01 2.92169272E-01 0.00000000E+00
31  8 2.00000000E-15 6.00000000E-15-2.00000000E-15 7.00000000E-15 7.57353027E-01
31  9 5.95141554E-01 1.00000000E-15-2.21061520E+00-1.73714096E+00-3.00000000E-15
31 10 4.53254824E-01 3.56175747E-01 1.00000000E-15-1.00000000E-15-1.00000000E-15
31 11-1.00000000E-15 0.00000000E+00 3.83903277E-03 3.01678061E-03-6.00000000E-15
31 12-5.00000000E-15-4.00000000E-15 0.00000000E+00 7.20654426E-02 5.66303137E-02
31 13 8.90129919E-01 6.99480011E-01 1.00000000E-15 3.12816971E-01 0.00000000E+00
31 14 3.98078202E-01 0.00000000E+00 3.71802777E-01 2.92169272E-01 0.00000000E+00
32  1 1.00000000E-15 2.00000000E-15 0.00000000E+00 2.00000000E-15 5.95141554E-01
32  2-7.57353027E-01-1.00000000E-15-1.73714096E+00 2.21061520E+00 4.00000000E-15
32  3 3.56175747E-01-4.53254824E-01-1.00000000E-15 0.00000000E+00 0.00000000E+00
32  4 0.00000000E+00 0.00000000E+00-3.01678061E-03 3.83903277E-03-1.00000000E-15
32  5-2.00000000E-15-1.00000000E-15 0.00000000E+00-5.66303137E-02 7.20654426E-02
32  6 6.99480011E-01-8.90129919E-01-2.00000000E-15-3.98078202E-01 0.00000000E+00
32  7 3.12816971E-01-1.00000000E-15 2.92169272E-01-3.71802777E-01 0.00000000E+00
32  8 0.00000000E+00 2.00000000E-15-1.00000000E-15 2.00000000E-15 5.95141554E-01
32  9-7.57353027E-01 1.00000000E-15-1.73714096E+00 2.21061520E+00-4.00000000E-15
32 10 3.56175747E-01-4.53254824E-01 1.00000000E-15 0.00000000E+00 0.00000000E+00
32 11 0.00000000E+00 0.00000000E+00 3.01678061E-03-3.83903277E-03-2.00000000E-15
32 12-1.00000000E-15-1.00000000E-15 0.00000000E+00 5.66303137E-02-7.20654426E-02
32 13 6.99480011E-01-8.90129919E-01 2.00000000E-15-3.98078202E-01 1.00000000E-15
32 14 3.12816971E-01 1.00000000E-15 2.92169272E-01-3.71802777E-01 0.00000000E+00
33  1 3.89301047E-02 6.27707905E-02 8.51274685E-03 8.37238959E-02 1.00000000E-15
33  2-1.00000000E-15 9.95835746E-01-4.00000000E-15 2.00000000E-15-2.80256289E+00
33  3 0.00000000E+00 0.00000000E+00 7.35302283E-01-1.20754217E-02-1.20754217E-02
33  4 1.81579892E-03 0.00000000E+00 0.00000000E+00 0.00000000E+00 9.03921892E-02
33  5 9.03921892E-02-2.02820784E-01 0.00000000E+00 1.00000000E-15-1.00000000E-15
33  6 2.00000000E-15-1.00000000E-15 1.13792793E+00 0.00000000E+00 4.73435963E-01
33  7 1.00000000E-15 4.73435963E-01 1.00000000E-15 0.00000000E+00 0.00000000E+00
33  8 3.89301047E-02 6.27707905E-02 8.51274685E-03 8.37238960E-02 1.00000000E-15
33  9 0.00000000E+00-9.95835746E-01-5.00000000E-15 1.00000000E-15 2.80256289E+00
33 10 1.00000000E-15 0.00000000E+00-7.35302283E-01-1.20754217E-02-1.20754217E-02
33 11 1.81579892E-03 0.00000000E+00 0.00000000E+00 0.00000000E+00 9.03921892E-02
33 12 9.03921892E-02-2.02820784E-01 0.00000000E+00 1.00000000E-15-1.00000000E-15
33 13 2.00000000E-15 0.00000000E+00-1.13792793E+00 0.00000000E+00-4.73435963E-01
33 14 1.00000000E-15-4.73435963E-01 1.00000000E-15 0.00000000E+00 0.00000000E+00
34  1 0.00000000E+00 0.00000000E+00 0.00000000E+00 0.00000000E+00 1.00129582E+00
34  2-1.17125902E-02 0.00000000E+00-2.96908790E+00 3.47307053E-02 0.00000000E+00
34  3 7.87400506E-01-9.21056427E-03 0.00000000E+00 0.00000000E+00 0.00000000E+00
34  4 0.00000000E+00 0.00000000E+00-2.06016968E-03 2.40986957E-05 0.00000000E+00
34  5 1.00000000E-15 0.00000000E+00 0.00000000E+00 9.65687267E-02-1.12960616E-03
34  6 1.12513613E+00-1.31612040E-02 0.00000000E+00-5.88586937E-03 0.00000000E+00
34  7 5.03176176E-01 0.00000000E+00 5.52404815E-01-6.46171804E-03 0.00000000E+00
34  8-1.00000000E-15-1.00000000E-15 0.00000000E+00-1.00000000E-15-1.00129582E+00
34  9 1.17125902E-02 0.00000000E+00 2.96908790E+00-3.47307053E-02 0.00000000E+00
34 10-7.87400506E-01 9.21056427E-03 0.00000000E+00 1.00000000E-15 0.00000000E+00
34 11 0.00000000E+00 0.00000000E+00-2.06016968E-03 2.40986957E-05 1.00000000E-15
34 12 0.00000000E+00 0.00000000E+00 0.00000000E+00 9.65687267E-02-1.12960616E-03
34 13-1.12513613E+00 1.31612040E-02 0.00000000E+00 5.88586937E-03 0.00000000E+00
34 14-5.03176176E-01 0.00000000E+00-5.52404815E-01 6.46171804E-03 0.00000000E+00
35  1-1.00000000E-15-2.00000000E-15 0.00000000E+00-2.00000000E-15 1.17125902E-02
35  2 1.00129582E+00 0.00000000E+00-3.47307053E-02-2.96908790E+00-1.00000000E-15
35  3 9.21056427E-03 7.87400506E-01 0.00000000E+00 0.00000000E+00 0.00000000E+00
35  4 0.00000000E+00 0.00000000E+00-2.40986957E-05-2.06016968E-03 0.00000000E+00
35  5 2.00000000E-15 1.00000000E-15 0.00000000E+00 1.12960616E-03 9.65687267E-02
35  6 1.31612040E-02 1.12513613E+00 0.00000000E+00 5.03176176E-01 0.00000000E+00
35  7 5.88586937E-03 0.00000000E+00 6.46171804E-03 5.52404815E-01 0.00000000E+00
35  8-1.00000000E-15-2.00000000E-15 1.00000000E-15-2.00000000E-15-1.17125902E-02
35  9-1.00129582E+00 0.00000000E+00 3.47307053E-02 2.96908790E+00 1.00000000E-15
35 10-9.21056427E-03-7.87400506E-01 0.00000000E+00 1.00000000E-15 0.00000000E+00
35 11 0.00000000E+00 0.00000000E+00-2.40986957E-05-2.06016968E-03 3.00000000E-15
35 12 1.00000000E-15 1.00000000E-15 0.00000000E+00 1.12960616E-03 9.65687267E-02
35 13-1.31612040E-02-1.12513613E+00 0.00000000E+00-5.03176176E-01 0.00000000E+00
35 14-5.88586937E-03 0.00000000E+00-6.46171804E-03-5.52404815E-01 0.00000000E+00
36  1-1.31112676E-01-4.03474275E-01 6.57472373E-02-3.40979048E-01 0.00000000E+00
36  2 0.00000000E+00 9.65392758E-01 0.00000000E+00 0.00000000E+00-3.12708637E+00
36  3 0.00000000E+00 0.00000000E+00 2.71758250E-01 1.40083694E-02 1.40083694E-02
36  4 5.15250589E-02 0.00000000E+00 0.00000000E+00 0.00000000E+00 1.64265360E-01
36  5 1.64265360E-01 1.25968233E+00 0.00000000E+00 0.00000000E+00 0.00000000E+00
36  6 0.00000000E+00 0.00000000E+00 1.21459936E+00 0.00000000E+00 3.29780005E-01
36  7 0.00000000E+00 3.29780005E-01 0.00000000E+00 0.00000000E+00 0.00000000E+00
36  8 1.31112676E-01 4.03474275E-01-6.57472373E-02 3.40979048E-01 0.00000000E+00
36  9 0.00000000E+00 9.65392758E-01 0.00000000E+00 0.00000000E+00-3.12708637E+00
36 10 0.00000000E+00 0.00000000E+00 2.71758250E-01-1.40083694E-02-1.40083694E-02
36 11-5.15250589E-02 0.00000000E+00 0.00000000E+00 0.00000000E+00-1.64265360E-01
36 12-1.64265360E-01-1.25968233E+00 0.00000000E+00 0.00000000E+00 0.00000000E+00
36 13 0.00000000E+00 0.00000000E+00 1.21459936E+00 0.00000000E+00 3.29780005E-01
36 14 0.00000000E+00 3.29780005E-01 0.00000000E+00 0.00000000E+00 0.00000000E+00
37  1-2.91186951E-01-5.64015047E-01 1.92558131E-01-2.13932819E-01 0.00000000E+00
37  2 0.00000000E+00 3.52215438E-02 0.00000000E+00 0.00000000E+00-1.07565999E+00
37  3 0.00000000E+00 0.00000000E+00 2.27706597E-01 1.70321128E-01 1.70321128E-01
37  4 2.24828971E-02 0.00000000E+00 0.00000000E+00 0.00000000E+00 1.87940831E-01
37  5 1.87940831E-01 2.72378909E-01 0.00000000E+00 0.00000000E+00 0.00000000E+00
37  6 0.00000000E+00 0.00000000E+00 1.27261482E+00 0.00000000E+00-1.55169852E-01
37  7 0.00000000E+00-1.55169852E-01 0.00000000E+00 0.00000000E+00 0.00000000E+00
37  8-2.91186951E-01-5.64015047E-01 1.92558131E-01-2.13932819E-01 0.00000000E+00
37  9 0.00000000E+00-3.52215438E-02 0.00000000E+00 0.00000000E+00 1.07565999E+00
37 10 0.00000000E+00 0.00000000E+00-2.27706597E-01 1.70321128E-01 1.70321128E-01
37 11 2.24828971E-02 0.00000000E+00 0.00000000E+00 0.00000000E+00 1.87940831E-01
37 12 1.87940831E-01 2.72378909E-01 0.00000000E+00 0.00000000E+00 0.00000000E+00
37 13 0.00000000E+00 0.00000000E+00-1.27261482E+00 0.00000000E+00 1.55169852E-01
37 14 0.00000000E+00 1.55169852E-01 0.00000000E+00 0.00000000E+00 0.00000000E+00
38  1-1.00000000E-15-2.00000000E-15 0.00000000E+00-2.00000000E-15 5.13954716E-02
38  2 7.40432465E-02 0.00000000E+00-1.54009294E-01-2.21874568E-01 1.00000000E-15
38  3 3.83550027E-02 5.52564035E-02 0.00000000E+00 2.00000000E-15-1.00000000E-15
38  4 0.00000000E+00 0.00000000E+00 1.46546201E-02 2.11122812E-02 1.00000000E-15
38  5 2.00000000E-15 1.00000000E-15 0.00000000E+00 3.57312565E-02 5.14764851E-02
38  6-1.89067930E-01-2.72382039E-01-1.00000000E-15-1.21812951E-01-1.00000000E-15
38  7-8.45537488E-02 0.00000000E+00 4.48124371E-01 6.45593517E-01 3.00000000E-15
38  8-1.00000000E-15-2.00000000E-15 0.00000000E+00-2.00000000E-15 5.13954716E-02
38  9 7.40432465E-02 0.00000000E+00-1.54009294E-01-2.21874568E-01-1.00000000E-15
38 10 3.83550027E-02 5.52564035E-02 0.00000000E+00-3.00000000E-15 4.00000000E-15
38 11 0.00000000E+00 0.00000000E+00-1.46546201E-02-2.11122812E-02 3.00000000E-15
38 12 0.00000000E+00 1.00000000E-15 0.00000000E+00-3.57312565E-02-5.14764851E-02
38 13-1.89067930E-01-2.72382039E-01 0.00000000E+00-1.21812951E-01 1.00000000E-15
38 14-8.45537488E-02 0.00000000E+00 4.48124371E-01 6.45593517E-01-3.00000000E-15
39  1 0.00000000E+00 0.00000000E+00 0.00000000E+00 0.00000000E+00 7.40432465E-02
39  2-5.13954716E-02 0.00000000E+00-2.21874568E-01 1.54009294E-01 1.00000000E-15
39  3 5.52564035E-02-3.83550027E-02 0.00000000E+00-1.00000000E-15 1.00000000E-15
39  4 0.00000000E+00 0.00000000E+00 2.11122812E-02-1.46546201E-02 0.00000000E+00
39  5 0.00000000E+00 0.00000000E+00 0.00000000E+00 5.14764851E-02-3.57312565E-02
39  6-2.72382039E-01 1.89067930E-01-1.00000000E-15 8.45537488E-02 0.00000000E+00
39  7-1.21812951E-01 0.00000000E+00 6.45593517E-01-4.48124371E-01-4.00000000E-15
39  8 0.00000000E+00 0.00000000E+00 0.00000000E+00 0.00000000E+00 7.40432465E-02
39  9-5.13954716E-02 0.00000000E+00-2.21874568E-01 1.54009294E-01 0.00000000E+00
39 10 5.52564035E-02-3.83550027E-02 0.00000000E+00 1.00000000E-15-1.00000000E-15
39 11 0.00000000E+00 0.00000000E+00-2.11122812E-02 1.46546201E-02-1.00000000E-15
39 12 0.00000000E+00 0.00000000E+00 0.00000000E+00-5.14764851E-02 3.57312565E-02
39 13-2.72382039E-01 1.89067930E-01 0.00000000E+00 8.45537488E-02 0.00000000E+00
39 14-1.21812951E-01-1.00000000E-15 6.45593517E-01-4.48124371E-01 3.00000000E-15
40  1 0.00000000E+00 0.00000000E+00 0.00000000E+00 0.00000000E+00 0.00000000E+00
40  2-1.00000000E-15 0.00000000E+00 0.00000000E+00 0.00000000E+00 0.00000000E+00
40  3 0.00000000E+00 0.00000000E+00 0.00000000E+00 1.38136359E-07-1.38136359E-07
40  4 0.00000000E+00 4.14559301E-02 0.00000000E+00 0.00000000E+00 6.04964100E-08
40  5-6.04964100E-08 0.00000000E+00 1.81555020E-02 0.00000000E+00 0.00000000E+00
40  6 1.00000000E-15 4.00000000E-15 0.00000000E+00 1.00000000E-15 2.32589034E-06
40  7-2.00000000E-15-2.32589034E-06 1.00000000E-15-4.00000000E-15 6.98020045E-01
40  8 0.00000000E+00 0.00000000E+00 0.00000000E+00 0.00000000E+00 0.00000000E+00
40  9 0.00000000E+00 0.00000000E+00 0.00000000E+00-1.00000000E-15 0.00000000E+00
40 10 0.00000000E+00 0.00000000E+00 0.00000000E+00 1.38136359E-07-1.38136359E-07
40 11 0.00000000E+00 4.14559301E-02 0.00000000E+00 0.00000000E+00 6.04964090E-08
40 12-6.04964090E-08 0.00000000E+00 1.81555020E-02 0.00000000E+00 0.00000000E+00
40 13 0.00000000E+00 1.00000000E-15 0.00000000E+00 6.00000000E-15-2.32589034E-06
40 14-2.00000000E-15 2.32589034E-06 1.00000000E-15-5.00000000E-15-6.98020045E-01
41  1-6.00000000E-15-1.10000000E-14 2.00000000E-15 1.00000000E-14-1.00000000E-15
41  2 0.00000000E+00 2.00000000E-15 2.00000000E-15 0.00000000E+00-4.00000000E-15
41  3 0.00000000E+00 0.00000000E+00-4.00000000E-15 3.59018887E-02-3.59018887E-02
41  4 4.00000000E-15-1.59506128E-07 0.00000000E+00 0.00000000E+00 1.57231259E-02
41  5-1.57231259E-02 2.00000000E-15-6.98552370E-08 0.00000000E+00-1.00000000E-15
41  6-1.00000000E-15 0.00000000E+00 1.00000000E-15 0.00000000E+00 6.04503091E-01
41  7-1.00000000E-15-6.04503091E-01 1.00000000E-15 0.00000000E+00-2.68570682E-06
41  8 2.00000000E-15 3.00000000E-15 1.00000000E-15-1.20000000E-14 0.00000000E+00
41  9 0.00000000E+00-2.00000000E-15 1.00000000E-15-2.00000000E-15 1.00000000E-14
41 10 0.00000000E+00 0.00000000E+00-9.00000000E-15 3.59018887E-02-3.59018887E-02
41 11-2.00000000E-15-1.59506128E-07 0.00000000E+00 0.00000000E+00 1.57231259E-02
41 12-1.57231259E-02 0.00000000E+00-6.98552370E-08-1.00000000E-15 0.00000000E+00
41 13 0.00000000E+00 1.00000000E-15-6.00000000E-15 0.00000000E+00-6.04503091E-01
41 14 0.00000000E+00 6.04503091E-01 0.00000000E+00 1.00000000E-15 2.68570682E-06
42  1 0.00000000E+00 0.00000000E+00 0.00000000E+00 0.00000000E+00 1.40760000E-11
42  2 1.45730000E-11 0.00000000E+00-8.22540000E-11-8.51130000E-11 0.00000000E+00
42  3 1.88400000E-11 1.95000000E-11 0.00000000E+00 0.00000000E+00 0.00000000E+00
42  4 0.00000000E+00 0.00000000E+00-2.22390000E-11-2.30210000E-11 0.00000000E+00
42  5 0.00000000E+00 0.00000000E+00 0.00000000E+00 1.49120000E-11 1.54360000E-11
42  6-3.88023562E-01-4.01657144E-01 0.00000000E+00 5.38879606E-01 0.00000000E+00
42  7 5.20588237E-01 0.00000000E+00 4.43460000E-11 4.58980000E-11-1.00000000E-15
42  8 0.00000000E+00 0.00000000E+00 0.00000000E+00 0.00000000E+00 1.40940000E-11
42  9 1.45890000E-11 0.00000000E+00-8.21530000E-11-8.50350000E-11 0.00000000E+00
42 10 1.88350000E-11 1.94970000E-11 0.00000000E+00 0.00000000E+00 0.00000000E+00
42 11 0.00000000E+00 0.00000000E+00 2.22370000E-11 2.30190000E-11 0.00000000E+00
42 12 0.00000000E+00 0.00000000E+00 0.00000000E+00-1.49100000E-11-1.54350000E-11
42 13-3.88023562E-01-4.01657144E-01 0.00000000E+00 5.38879606E-01-1.00000000E-15
42 14 5.20588237E-01 1.00000000E-15 4.43050000E-11 4.58610000E-11-2.00000000E-15
43  1 0.00000000E+00 0.00000000E+00 0.00000000E+00 0.00000000E+00 1.45710000E-11
43  2-1.40800000E-11 0.00000000E+00-8.51470000E-11 8.22260000E-11 1.00000000E-15
43  3 1.95030000E-11-1.88390000E-11 0.00000000E+00 0.00000000E+00 0.00000000E+00
43  4 0.00000000E+00 0.00000000E+00-2.30200000E-11 2.22390000E-11 0.00000000E+00
43  5 0.00000000E+00 0.00000000E+00 0.00000000E+00 1.54360000E-11-1.49120000E-11
43  6-4.01657144E-01 3.88023562E-01 0.00000000E+00-5.20588237E-01 0.00000000E+00
43  7 5.38879606E-01 0.00000000E+00 4.59050000E-11-4.43400000E-11 3.00000000E-15
43  8 0.00000000E+00 0.00000000E+00 0.00000000E+00 0.00000000E+00 1.45900000E-11
43  9-1.40950000E-11 0.00000000E+00-8.50400000E-11 8.21510000E-11-1.00000000E-15
43 10 1.94970000E-11-1.88350000E-11 0.00000000E+00 0.00000000E+00 0.00000000E+00
43 11 0.00000000E+00 0.00000000E+00 2.30180000E-11-2.22370000E-11 0.00000000E+00
43 12 0.00000000E+00 0.00000000E+00 0.00000000E+00-1.54340000E-11 1.49110000E-11
43 13-4.01657144E-01 3.88023562E-01 0.00000000E+00-5.20588237E-01 0.00000000E+00
43 14 5.38879606E-01 0.00000000E+00 4.58630000E-11-4.43060000E-11-1.00000000E-15
44  1 0.00000000E+00 0.00000000E+00 0.00000000E+00 0.00000000E+00 1.38790000E-11
44  2 4.70000000E-11 0.00000000E+00 1.21400000E-10 4.11143000E-10 0.00000000E+00
44  3-1.15250000E-11-3.90350000E-11 0.00000000E+00 0.00000000E+00 0.00000000E+00
44  4 0.00000000E+00 0.00000000E+00 3.42200000E-12 1.15910000E-11 0.00000000E+00
44  5 0.00000000E+00 0.00000000E+00 0.00000000E+00-1.53300000E-12-5.19300000E-12
44  6 1.58447040E-01 5.36662067E-01 0.00000000E+00-7.20007718E-01 0.00000000E+00
44  7-2.12579011E-01 0.00000000E+00-3.55460000E-11-1.20372000E-10-4.00000000E-15
44  8 0.00000000E+00 0.00000000E+00 0.00000000E+00 0.00000000E+00-1.38700000E-11
44  9-4.69800000E-11 0.00000000E+00-1.21367000E-10-4.11046000E-10 0.00000000E+00
44 10 1.15240000E-11 3.90300000E-11 0.00000000E+00 0.00000000E+00 0.00000000E+00
44 11 0.00000000E+00 0.00000000E+00 3.42300000E-12 1.15910000E-11 0.00000000E+00
44 12 0.00000000E+00 0.00000000E+00 0.00000000E+00-1.53400000E-12-5.19600000E-12
44 13-1.58447040E-01-5.36662067E-01 0.00000000E+00 7.20007718E-01 0.00000000E+00
44 14 2.12579011E-01 0.00000000E+00 3.55370000E-11 1.20359000E-10 0.00000000E+00
45  1 0.00000000E+00 0.00000000E+00 0.00000000E+00 0.00000000E+00-4.70040000E-11
45  2 1.38770000E-11 0.00000000E+00-4.11177000E-10 1.21387000E-10 0.00000000E+00
45  3 3.90380000E-11-1.15250000E-11 0.00000000E+00 0.00000000E+00 0.00000000E+00
45  4 0.00000000E+00 0.00000000E+00-1.15910000E-11 3.42300000E-12 0.00000000E+00
45  5 0.00000000E+00 0.00000000E+00 0.00000000E+00 5.19400000E-12-1.53400000E-12
45  6-5.36662067E-01 1.58447040E-01 0.00000000E+00-2.12579011E-01 0.00000000E+00
45  7 7.20007718E-01 0.00000000E+00 1.20390000E-10-3.55370000E-11-2.00000000E-15
45  8 0.00000000E+00 0.00000000E+00 0.00000000E+00 0.00000000E+00 4.69800000E-11
45  9-1.38700000E-11 0.00000000E+00 4.11063000E-10-1.21358000E-10 0.00000000E+00
45 10-3.90330000E-11 1.15230000E-11 0.00000000E+00 0.00000000E+00 0.00000000E+00
45 11 0.00000000E+00 0.00000000E+00-1.15940000E-11 3.42200000E-12 0.00000000E+00
45 12 0.00000000E+00 0.00000000E+00 0.00000000E+00 5.19700000E-12-1.53400000E-12
45 13 5.36662067E-01-1.58447040E-01 0.00000000E+00 2.12579011E-01 0.00000000E+00
45 14-7.20007718E-01 0.00000000E+00-1.20361000E-10 3.55360000E-11-1.00000000E-15
46  1 8.00000000E-15 1.40000000E-14-5.00000000E-15 5.00000000E-15 0.00000000E+00
46  2 0.00000000E+00 1.00000000E-15 1.00000000E-15 0.00000000E+00 4.00000000E-15
46  3 0.00000000E+00 0.00000000E+00 0.00000000E+00-7.57808593E-02 7.57808593E-02
46  4-4.00000000E-15 3.41054070E-08 0.00000000E+00 0.00000000E+00 1.06383236E-02
46  5-1.06383236E-02-5.00000000E-15-4.78781000E-09 0.00000000E+00 0.00000000E+00
46  6-1.00000000E-15 0.00000000E+00 2.00000000E-15 1.00000000E-15 6.14927897E-01
46  7 1.00000000E-15-6.14927897E-01 0.00000000E+00 0.00000000E+00-2.76750173E-07
46  8-1.00000000E-15-2.00000000E-15 2.00000000E-15-5.00000000E-15 0.00000000E+00
46  9 0.00000000E+00 2.00000000E-15 1.00000000E-15-1.00000000E-15 7.00000000E-15
46 10 0.00000000E+00 0.00000000E+00 0.00000000E+00 7.57808593E-02-7.57808593E-02
46 11-1.00000000E-15-3.41054060E-08 0.00000000E+00 0.00000000E+00-1.06383236E-02
46 12 1.06383236E-02 4.00000000E-15 4.78781000E-09 0.00000000E+00 0.00000000E+00
46 13-1.00000000E-15 0.00000000E+00-6.00000000E-15 0.00000000E+00 6.14927897E-01
46 14 0.00000000E+00-6.14927897E-01 0.00000000E+00 1.00000000E-15-2.76750173E-07
47  1 0.00000000E+00 0.00000000E+00 0.00000000E+00 0.00000000E+00 0.00000000E+00
47  2 0.00000000E+00 0.00000000E+00 0.00000000E+00 0.00000000E+00 0.00000000E+00
47  3 0.00000000E+00 0.00000000E+00 0.00000000E+00-2.95361490E-08 2.95361490E-08
47  4 0.00000000E+00-8.75041991E-02 0.00000000E+00 0.00000000E+00 4.14636500E-09
47  5-4.14636500E-09 0.00000000E+00 1.22840780E-02 0.00000000E+00 0.00000000E+00
47  6 0.00000000E+00 0.00000000E+00 0.00000000E+00-1.00000000E-15 2.39672681E-07
47  7 1.00000000E-15-2.39672681E-07 0.00000000E+00 0.00000000E+00 7.10057573E-01
47  8 0.00000000E+00 0.00000000E+00 0.00000000E+00 0.00000000E+00 0.00000000E+00
47  9 0.00000000E+00 0.00000000E+00 0.00000000E+00 1.00000000E-15 0.00000000E+00
47 10 0.00000000E+00 0.00000000E+00 0.00000000E+00 2.95361480E-08-2.95361490E-08
47 11 0.00000000E+00 8.75041991E-02 0.00000000E+00 0.00000000E+00-4.14636500E-09
47 12 4.14636500E-09 0.00000000E+00-1.22840780E-02 0.00000000E+00 0.00000000E+00
47 13 0.00000000E+00-3.00000000E-15 0.00000000E+00 4.00000000E-15 2.39672680E-07
47 14 0.00000000E+00-2.39672680E-07 0.00000000E+00-1.00000000E-15 7.10057573E-01
48  1 0.00000000E+00-1.00000000E-15 0.00000000E+00-1.00000000E-15-3.92414052E-02
48  2-7.88312816E-02 0.00000000E+00-1.78398600E-01-3.58381413E-01 1.00000000E-15
48  3 2.41249736E-02 4.84641816E-02 0.00000000E+00 1.00000000E-15-1.00000000E-15
48  4 0.00000000E+00 0.00000000E+00-1.45864476E-01-2.93024257E-01 0.00000000E+00
48  5 1.00000000E-15 0.00000000E+00 0.00000000E+00 2.85523327E-02 5.73582157E-02
48  6-2.92791797E-02-5.88183641E-02-1.00000000E-15-2.63043721E-02 0.00000000E+00
48  7-1.30940472E-02-1.00000000E-15 3.78274025E-01 7.59907197E-01 0.00000000E+00
48  8 0.00000000E+00-1.00000000E-15 0.00000000E+00-1.00000000E-15 3.92414052E-02
48  9 7.88312816E-02 0.00000000E+00 1.78398600E-01 3.58381413E-01-1.00000000E-15
48 10-2.41249736E-02-4.84641816E-02 0.00000000E+00-3.00000000E-15 3.00000000E-15
48 11 0.00000000E+00-1.00000000E-15-1.45864476E-01-2.93024257E-01 2.00000000E-15
48 12-1.00000000E-15 0.00000000E+00 1.00000000E-15 2.85523327E-02 5.73582157E-02
48 13 2.92791797E-02 5.88183641E-02 0.00000000E+00 2.63043721E-02 0.00000000E+00
48 14 1.30940472E-02 0.00000000E+00-3.78274025E-01-7.59907197E-01 0.00000000E+00
49  1 0.00000000E+00 0.00000000E+00 0.00000000E+00 0.00000000E+00 7.88312816E-02
49  2-3.92414052E-02 0.00000000E+00 3.58381413E-01-1.78398600E-01 1.00000000E-15
49  3-4.84641816E-02 2.41249736E-02 0.00000000E+00-1.00000000E-15 1.00000000E-15
49  4 0.00000000E+00 0.00000000E+00 2.93024257E-01-1.45864476E-01 0.00000000E+00
49  5 0.00000000E+00 0.00000000E+00 0.00000000E+00-5.73582157E-02 2.85523327E-02
49  6 5.88183641E-02-2.92791797E-02-1.00000000E-15-1.30940472E-02 1.00000000E-15
49  7 2.63043721E-02-1.00000000E-15-7.59907197E-01 3.78274025E-01-1.00000000E-15
49  8 0.00000000E+00 0.00000000E+00 0.00000000E+00 0.00000000E+00-7.88312816E-02
49  9 3.92414052E-02 0.00000000E+00-3.58381413E-01 1.78398600E-01-1.00000000E-15
49 10 4.84641816E-02-2.41249736E-02 0.00000000E+00 0.00000000E+00 0.00000000E+00
49 11 0.00000000E+00 0.00000000E+00 2.93024257E-01-1.45864476E-01 0.00000000E+00
49 12 0.00000000E+00 0.00000000E+00 0.00000000E+00-5.73582157E-02 2.85523327E-02
49 13-5.88183641E-02 2.92791797E-02 1.00000000E-15 1.30940472E-02 0.00000000E+00
49 14-2.63043721E-02 1.00000000E-15 7.59907197E-01-3.78274025E-01 0.00000000E+00
50  1-5.87251502E-02-1.79005177E-01 1.38044416E-01-1.03695943E+00 0.00000000E+00
50  2 0.00000000E+00 1.83310405E-01-1.00000000E-15 0.00000000E+00 1.76190724E-01
50  3 0.00000000E+00 0.00000000E+00 3.74615712E-01-2.48665803E-01-2.48665803E-01
50  4 6.42380649E-01 0.00000000E+00 0.00000000E+00 0.00000000E+00 4.33405134E-01
50  5 4.33405134E-01 6.08760334E-02 0.00000000E+00 0.00000000E+00 0.00000000E+00
50  6 0.00000000E+00 0.00000000E+00-7.43962725E-01 0.00000000E+00 1.83080930E-01
50  7 0.00000000E+00 1.83080930E-01 0.00000000E+00 0.00000000E+00 0.00000000E+00
50  8 5.87251502E-02 1.79005177E-01-1.38044416E-01 1.03695943E+00 0.00000000E+00
50  9 0.00000000E+00 1.83310405E-01 0.00000000E+00 0.00000000E+00 1.76190724E-01
50 10 0.00000000E+00 0.00000000E+00 3.74615712E-01 2.48665803E-01 2.48665803E-01
50 11-6.42380649E-01 0.00000000E+00 0.00000000E+00 0.00000000E+00-4.33405134E-01
50 12-4.33405134E-01-6.08760334E-02 0.00000000E+00 0.00000000E+00 0.00000000E+00
50 13 0.00000000E+00 0.00000000E+00-7.43962725E-01 0.00000000E+00 1.83080930E-01
50 14 0.00000000E+00 1.83080930E-01 0.00000000E+00 0.00000000E+00 0.00000000E+00
51  1-6.80000000E-14-1.22000000E-13 3.70000000E-14 3.50000000E-14 0.00000000E+00
51  2-2.00000000E-15-7.00000000E-15-1.00000000E-15 6.00000000E-14-1.00000000E-14
51  3 1.00000000E-15-7.00000000E-15-1.80000000E-14 7.04568305E-01-7.04568305E-01
51  4 7.00000000E-15 5.95244066E-07-4.00000000E-15-6.10000000E-14-3.33739997E-01
51  5 3.33739997E-01 2.40000000E-14-2.81955279E-07 2.00000000E-15 2.80000000E-14
51  6 0.00000000E+00-3.90000000E-14 3.00000000E-14-1.80000000E-14-4.14781472E-02
51  7 0.00000000E+00 4.14781472E-02 1.00000000E-15-1.10000000E-14-3.50421960E-08
51  8 2.10000000E-14 3.80000000E-14-5.00000000E-15-4.20000000E-14 0.00000000E+00
51  9-1.00000000E-15-8.00000000E-15 7.00000000E-15 5.30000000E-14 2.00000000E-14
51 10 0.00000000E+00-5.00000000E-15-2.40000000E-14 7.04568305E-01-7.04568305E-01
51 11 2.50000000E-14 5.95244065E-07 5.00000000E-15 5.90000000E-14-3.33739997E-01
51 12 3.33739997E-01-1.30000000E-14-2.81955279E-07-2.00000000E-15-2.70000000E-14
51 13-5.00000000E-15-3.50000000E-14 1.40000000E-14-1.60000000E-14 4.14781472E-02
51 14-2.00000000E-15-4.14781472E-02-1.00000000E-15-1.10000000E-14 3.50421970E-08
52  1 0.00000000E+00 0.00000000E+00 0.00000000E+00 0.00000000E+00 0.00000000E+00
52  2 1.00000000E-15 0.00000000E+00-1.60000000E-14-6.30000000E-14-1.00000000E-15
52  3 2.00000000E-15 7.00000000E-15 0.00000000E+00-5.15496482E-07 5.15496482E-07
52  4 0.00000000E+00 8.13565402E-01 4.00000000E-15 3.80000000E-14 2.44180434E-07
52  5-2.44180434E-07 0.00000000E+00-3.85369755E-01-2.00000000E-15-1.80000000E-14
52  6 1.00000000E-14 4.00000000E-14 0.00000000E+00 1.80000000E-14 3.03474320E-08
52  7 4.00000000E-15-3.03474320E-08 5.00000000E-15 1.70000000E-14-4.78948388E-02
52  8 0.00000000E+00 0.00000000E+00 0.00000000E+00 0.00000000E+00 0.00000000E+00
52  9 1.00000000E-15 0.00000000E+00-1.30000000E-14-7.20000000E-14 0.00000000E+00
52 10 1.00000000E-15 8.00000000E-15 0.00000000E+00-5.15496482E-07 5.15496482E-07
52 11 0.00000000E+00 8.13565402E-01-4.00000000E-15-4.00000000E-14 2.44180434E-07
52 12-2.44180434E-07 0.00000000E+00-3.85369755E-01 2.00000000E-15 1.80000000E-14
52 13 8.00000000E-15 4.60000000E-14 0.00000000E+00 2.10000000E-14-3.03474330E-08
52 14 4.00000000E-15 3.03474320E-08 3.00000000E-15 1.80000000E-14 4.78948388E-02
53  1 0.00000000E+00 0.00000000E+00 0.00000000E+00 0.00000000E+00 2.59017480E-03
53  2 1.77508085E-02 0.00000000E+00-1.07381980E-01-7.35902831E-01-3.00000000E-15
53  3 1.10572447E-02 7.57767516E-02 1.00000000E-15 4.60000000E-14-4.70000000E-14
53  4 1.00000000E-15-3.90000000E-14 1.15020932E-01 7.88253569E-01-2.10000000E-14
53  5 2.20000000E-14 0.00000000E+00 1.80000000E-14-5.20656625E-02-3.56812832E-01
53  6 6.96518079E-02 4.77332999E-01 2.00000000E-15 2.13469807E-01-3.00000000E-15
53  7 3.11492355E-02 5.00000000E-15 2.29648426E-02 1.57381086E-01 3.00000000E-15
53  8 0.00000000E+00 0.00000000E+00 0.00000000E+00 0.00000000E+00 2.59017480E-03
53  9 1.77508085E-02 0.00000000E+00-1.07381980E-01-7.35902831E-01 4.00000000E-15
53 10 1.10572447E-02 7.57767516E-02-1.00000000E-15 6.00000000E-14-6.00000000E-14
53 11 1.00000000E-15-4.50000000E-14-1.15020932E-01-7.88253569E-01-2.90000000E-14
53 12 2.90000000E-14 0.00000000E+00 2.10000000E-14 5.20656625E-02 3.56812832E-01
53 13 6.96518079E-02 4.77332999E-01-2.00000000E-15 2.13469807E-01 1.00000000E-15
53 14 3.11492355E-02-4.00000000E-15 2.29648426E-02 1.57381086E-01-2.00000000E-15
54  1 0.00000000E+00 0.00000000E+00 0.00000000E+00 0.00000000E+00-1.77508085E-02
54  2 2.59017480E-03 0.00000000E+00 7.35902831E-01-1.07381980E-01 0.00000000E+00
54  3-7.57767516E-02 1.10572447E-02 0.00000000E+00 3.00000000E-15-3.00000000E-15
54  4 0.00000000E+00-1.00000000E-15-7.88253569E-01 1.15020932E-01-1.00000000E-15
54  5 1.00000000E-15 0.00000000E+00 1.00000000E-15 3.56812832E-01-5.20656625E-02
54  6-4.77332999E-01 6.96518079E-02-1.00000000E-15 3.11492355E-02 0.00000000E+00
54  7-2.13469807E-01 0.00000000E+00-1.57381086E-01 2.29648426E-02 0.00000000E+00
54  8 0.00000000E+00 0.00000000E+00 0.00000000E+00 1.00000000E-15-1.77508085E-02
54  9 2.59017480E-03 0.00000000E+00 7.35902831E-01-1.07381980E-01 0.00000000E+00
54 10-7.57767516E-02 1.10572447E-02 0.00000000E+00 5.00000000E-15-5.00000000E-15
54 11-1.00000000E-15-2.00000000E-15 7.88253569E-01-1.15020932E-01-3.00000000E-15
54 12 2.00000000E-15 0.00000000E+00 1.00000000E-15-3.56812832E-01 5.20656625E-02
54 13-4.77332999E-01 6.96518079E-02 0.00000000E+00 3.11492355E-02 0.00000000E+00
54 14-2.13469807E-01 0.00000000E+00-1.57381086E-01 2.29648426E-02 0.00000000E+00
55  1-3.81700435E-02-9.35597294E-02 4.94199087E-02-5.28540651E-02 0.00000000E+00
55  2 0.00000000E+00 5.42856722E-02-1.30000000E-14 1.10000000E-14-2.83560119E+00
55  3 2.00000000E-15-2.00000000E-15 4.75245791E-01-2.32907366E-01-2.32907366E-01
55  4 5.23492312E-01 0.00000000E+00-1.00000000E-15-1.00000000E-15 2.38345023E-01
55  5 2.38345023E-01-2.44213601E-01 0.00000000E+00 0.00000000E+00 1.00000000E-15
55  6 8.00000000E-15-7.00000000E-15 1.67432587E+00-3.00000000E-15 8.57087921E-01
55  7 4.00000000E-15 8.57087921E-01 4.00000000E-15-3.00000000E-15 0.00000000E+00
55  8-3.81700435E-02-9.35597294E-02 4.94199087E-02-5.28540651E-02 0.00000000E+00
55  9 0.00000000E+00-5.42856722E-02-5.00000000E-15 3.00000000E-15 2.83560119E+00
55 10 0.00000000E+00 0.00000000E+00-4.75245791E-01-2.32907366E-01-2.32907366E-01
55 11 5.23492312E-01 0.00000000E+00 1.00000000E-15 0.00000000E+00 2.38345023E-01
55 12 2.38345023E-01-2.44213601E-01 0.00000000E+00-1.00000000E-15 0.00000000E+00
55 13 3.00000000E-15-2.00000000E-15-1.67432587E+00-1.00000000E-15-8.57087921E-01
55 14 1.00000000E-15-8.57087921E-01 2.00000000E-15-1.00000000E-15 0.00000000E+00
56  1 0.00000000E+00 1.00000000E-15 0.00000000E+00 0.00000000E+00-2.55637357E-02
56  2 9.11108185E-03 0.00000000E+00-2.97362752E+00 1.05982021E+00 9.00000000E-15
56  3 3.73297520E-01-1.33045667E-01-1.00000000E-15-3.00000000E-15 5.00000000E-15
56  4-2.00000000E-15 2.00000000E-15-1.51136511E-01 5.38660367E-02 1.00000000E-15
56  5-3.00000000E-15 1.00000000E-15-1.00000000E-15 4.18716212E-02-1.49233184E-02
56  6 1.90499654E+00-6.78953173E-01-5.00000000E-15-3.03637090E-01-3.00000000E-15
56  7 8.51940354E-01-2.00000000E-15 9.13940162E-01-3.25734225E-01 0.00000000E+00
56  8 0.00000000E+00 0.00000000E+00 0.00000000E+00 0.00000000E+00-2.55637357E-02
56  9 9.11108185E-03 0.00000000E+00-2.97362752E+00 1.05982021E+00-1.00000000E-14
56 10 3.73297520E-01-1.33045667E-01 2.00000000E-15 5.00000000E-15-3.00000000E-15
56 11-2.00000000E-15-1.00000000E-15 1.51136511E-01-5.38660367E-02-3.00000000E-15
56 12 1.00000000E-15 1.00000000E-15 0.00000000E+00-4.18716212E-02 1.49233184E-02
56 13 1.90499654E+00-6.78953173E-01 6.00000000E-15-3.03637090E-01 3.00000000E-15
56 14 8.51940354E-01 4.00000000E-15 9.13940162E-01-3.25734225E-01 0.00000000E+00
57  1 0.00000000E+00 0.00000000E+00 0.00000000E+00 0.00000000E+00-9.11108185E-03
57  2-2.55637357E-02 0.00000000E+00-1.05982021E+00-2.97362752E+00-2.00000000E-15
57  3 1.33045667E-01 3.73297520E-01 0.00000000E+00-5.50000000E-14 5.50000000E-14
57  4 0.00000000E+00-4.50000000E-14-5.38660367E-02-1.51136511E-01 2.90000000E-14
57  5-2.90000000E-14 0.00000000E+00 2.40000000E-14 1.49233184E-02 4.18716212E-02
57  6 6.78953173E-01 1.90499654E+00 1.00000000E-15 8.51940354E-01-5.00000000E-15
57  7 3.03637090E-01 7.00000000E-15 3.25734225E-01 9.13940162E-01-4.00000000E-15
57  8-1.00000000E-15 0.00000000E+00 0.00000000E+00 0.00000000E+00-9.11108185E-03
57  9-2.55637357E-02 0.00000000E+00-1.05982021E+00-2.97362752E+00 3.00000000E-15
57 10 1.33045667E-01 3.73297520E-01-1.00000000E-15 5.40000000E-14-5.50000000E-14
57 11 1.00000000E-15 2.90000000E-14 5.38660367E-02 1.51136511E-01-2.90000000E-14
57 12 2.90000000E-14 0.00000000E+00-1.60000000E-14-1.49233184E-02-4.18716212E-02
57 13 6.78953173E-01 1.90499654E+00-2.00000000E-15 8.51940354E-01-7.00000000E-15
57 14 3.03637090E-01 5.00000000E-15 3.25734225E-01 9.13940162E-01-4.00000000E-15
58  1 0.00000000E+00 0.00000000E+00 0.00000000E+00 0.00000000E+00 0.00000000E+00
58  2-1.00000000E-15 0.00000000E+00-1.70000000E-14-1.73000000E-13 0.00000000E+00
58  3 1.00000000E-15 2.40000000E-14 0.00000000E+00 1.04393912E-07-1.04393912E-07
58  4 0.00000000E+00 8.20407958E-01-5.00000000E-15-5.00000000E-15-5.58550020E-08
58  5 5.58550020E-08 0.00000000E+00-4.38951728E-01 2.00000000E-15 1.00000000E-15
58  6 1.10000000E-14 1.10000000E-13 0.00000000E+00 5.00000000E-14 1.14713340E-08
58  7 5.00000000E-15-1.14713340E-08 6.00000000E-15 5.10000000E-14 9.01505981E-02
58  8 0.00000000E+00 0.00000000E+00 0.00000000E+00 0.00000000E+00 0.00000000E+00
58  9-2.00000000E-15 0.00000000E+00-6.90000000E-14-9.30000000E-14-1.00000000E-15
58 10 1.00000000E-14 1.00000000E-14 0.00000000E+00-1.04393912E-07 1.04393912E-07
58 11 0.00000000E+00-8.20407958E-01 0.00000000E+00 1.40000000E-14 5.58550020E-08
58 12-5.58550020E-08 0.00000000E+00 4.38951728E-01 1.00000000E-15-5.00000000E-15
58 13 4.40000000E-14 6.00000000E-14 0.00000000E+00 2.70000000E-14 1.14713340E-08
58 14 2.00000000E-14-1.14713340E-08 2.00000000E-14 3.10000000E-14 9.01505981E-02
59  1-7.20000000E-14-1.29000000E-13 3.70000000E-14 4.10000000E-14-1.00000000E-15
59  2-1.00000000E-15-1.00000000E-14-6.00000000E-14-2.65000000E-13 9.10000000E-14
59  3 5.00000000E-15 3.50000000E-14-3.90000000E-14 7.10494133E-01-7.10494133E-01
59  4-6.00000000E-15-1.20543706E-07-8.00000000E-15 1.00000000E-15-3.80143348E-01
59  5 3.80143348E-01 3.40000000E-14 6.44958010E-08 2.00000000E-15-2.00000000E-15
59  6 4.00000000E-14 1.72000000E-13-2.70000000E-14 7.70000000E-14 7.80727081E-02
59  7 1.80000000E-14-7.80727081E-02 1.90000000E-14 7.50000000E-14-1.32459550E-08
59  8-2.00000000E-14-4.00000000E-14 1.60000000E-14-6.10000000E-14-1.00000000E-15
59  9-3.00000000E-15-5.00000000E-15-1.34000000E-13-1.93000000E-13-1.85000000E-13
59 10 1.80000000E-14 2.30000000E-14 7.00000000E-15-7.10494133E-01 7.10494133E-01
59 11 4.00000000E-15 1.20543706E-07 3.00000000E-15 8.00000000E-15 3.80143348E-01
59 12-3.80143348E-01 2.80000000E-14-6.44958010E-08 0.00000000E+00-1.00000000E-15
59 13 8.70000000E-14 1.25000000E-13 1.40000000E-13 5.60000000E-14 7.80727081E-02
59 14 3.80000000E-14-7.80727081E-02 4.00000000E-14 6.00000000E-14-1.32459560E-08
60  1 0.00000000E+00 0.00000000E+00 0.00000000E+00 0.00000000E+00 4.15177139E-02
60  2 2.56389750E-02 0.00000000E+00-2.79685722E+00-1.72717970E+00 0.00000000E+00
60  3 5.02934481E-01 3.10583685E-01 0.00000000E+00 2.00000000E-15-2.00000000E-15
60  4 0.00000000E+00 0.00000000E+00 2.84008283E-01 1.75387336E-01-1.00000000E-15
60  5 1.00000000E-15 0.00000000E+00 0.00000000E+00-1.56047642E-01-9.63661344E-02
60  6 1.76004091E+00 1.08690100E+00 0.00000000E+00 4.86076905E-01 0.00000000E+00
60  7 7.87114222E-01 0.00000000E+00 7.44086734E-01 4.59505579E-01 0.00000000E+00
60  8-1.00000000E-15 0.00000000E+00 0.00000000E+00 0.00000000E+00-4.15177139E-02
60  9-2.56389750E-02 0.00000000E+00 2.79685722E+00 1.72717970E+00-1.00000000E-15
60 10-5.02934481E-01-3.10583685E-01 0.00000000E+00-2.00000000E-15 3.00000000E-15
60 11 0.00000000E+00 0.00000000E+00 2.84008283E-01 1.75387336E-01 1.00000000E-15
60 12-1.00000000E-15 0.00000000E+00 0.00000000E+00-1.56047642E-01-9.63661344E-02
60 13-1.76004091E+00-1.08690100E+00 1.00000000E-15-4.86076905E-01 1.00000000E-15
60 14-7.87114222E-01 0.00000000E+00-7.44086734E-01-4.59505579E-01 0.00000000E+00
61  1 0.00000000E+00-1.00000000E-15 0.00000000E+00 0.00000000E+00-2.56389750E-02
61  2 4.15177139E-02 0.00000000E+00 1.72717970E+00-2.79685722E+00-3.00000000E-15
61  3-3.10583685E-01 5.02934481E-01 0.00000000E+00-1.00000000E-14 9.00000000E-15
61  4 1.00000000E-15-1.10000000E-14-1.75387336E-01 2.84008283E-01 6.00000000E-15
61  5-5.00000000E-15 0.00000000E+00 6.00000000E-15 9.63661344E-02-1.56047642E-01
61  6-1.08690100E+00 1.76004091E+00 2.00000000E-15 7.87114222E-01 0.00000000E+00
61  7-4.86076905E-01 2.00000000E-15-4.59505579E-01 7.44086734E-01-2.00000000E-15
61  8 1.00000000E-15 0.00000000E+00 0.00000000E+00-1.00000000E-15 2.56389750E-02
61  9-4.15177139E-02 0.00000000E+00-1.72717970E+00 2.79685722E+00 6.00000000E-15
61 10 3.10583685E-01-5.02934481E-01-1.00000000E-15 1.10000000E-14-1.20000000E-14
61 11 1.00000000E-15 1.30000000E-14-1.75387336E-01 2.84008283E-01-6.00000000E-15
61 12 7.00000000E-15 0.00000000E+00-7.00000000E-15 9.63661344E-02-1.56047642E-01
61 13 1.08690100E+00-1.76004091E+00-3.00000000E-15-7.87114222E-01-3.00000000E-15
61 14 4.86076905E-01-1.00000000E-15 4.59505579E-01-7.44086734E-01-1.00000000E-15
62  1 4.00962576E-01 7.78688360E-01-8.99293019E-02-7.93312013E-01 0.00000000E+00
62  2 0.00000000E+00 4.05407607E-02 1.00000000E-15-2.00000000E-15-3.13566428E+00
62  3 0.00000000E+00 0.00000000E+00 7.98005923E-01-3.48390218E-01-3.48390218E-01
62  4 2.43907378E-01 0.00000000E+00 0.00000000E+00 0.00000000E+00 8.90659484E-02
62  5 8.90659484E-02-2.42600031E-01 0.00000000E+00 0.00000000E+00 0.00000000E+00
62  6-1.00000000E-15 1.00000000E-15 2.05181628E+00 1.00000000E-15 7.74464637E-01
62  7 0.00000000E+00 7.74464637E-01 0.00000000E+00 0.00000000E+00 0.00000000E+00
62  8-4.00962576E-01-7.78688360E-01 8.99293019E-02 7.93312013E-01 0.00000000E+00
62  9 0.00000000E+00 4.05407607E-02-1.00000000E-15 1.00000000E-15-3.13566428E+00
62 10 0.00000000E+00 0.00000000E+00 7.98005923E-01 3.48390218E-01 3.48390218E-01
62 11-2.43907378E-01 0.00000000E+00 0.00000000E+00 0.00000000E+00-8.90659484E-02
62 12-8.90659484E-02 2.42600031E-01 0.00000000E+00 0.00000000E+00 0.00000000E+00
62 13 0.00000000E+00 0.00000000E+00 2.05181628E+00 0.00000000E+00 7.74464637E-01
62 14 0.00000000E+00 7.74464637E-01 0.00000000E+00 0.00000000E+00 0.00000000E+00
63  1 0.00000000E+00 0.00000000E+00 0.00000000E+00 0.00000000E+00-7.84421391E-02
63  2-4.17179269E-02 0.00000000E+00 1.32461922E+00 7.04472986E-01-3.00000000E-15
63  3-7.89880886E-02-4.20082795E-02 0.00000000E+00 1.00000000E-15-1.00000000E-15
63  4 0.00000000E+00 0.00000000E+00 6.31400488E-01 3.35798076E-01 0.00000000E+00
63  5 0.00000000E+00 0.00000000E+00 0.00000000E+00-5.43043684E-01-2.88807227E-01
63  6-9.98252627E-01-5.30901255E-01 2.00000000E-15-2.37426259E-01 0.00000000E+00
63  7-4.46432147E-01 1.00000000E-15 4.17791776E-02 2.22194435E-02 0.00000000E+00
63  8 0.00000000E+00 0.00000000E+00 0.00000000E+00 0.00000000E+00 7.84421391E-02
63  9 4.17179269E-02 0.00000000E+00-1.32461922E+00-7.04472986E-01 3.00000000E-15
63 10 7.89880886E-02 4.20082795E-02 0.00000000E+00 1.00000000E-15-1.00000000E-15
63 11 0.00000000E+00 0.00000000E+00 6.31400488E-01 3.35798076E-01-1.00000000E-15
63 12 0.00000000E+00 0.00000000E+00 0.00000000E+00-5.43043684E-01-2.88807227E-01
63 13 9.98252627E-01 5.30901255E-01-2.00000000E-15 2.37426259E-01 0.00000000E+00
63 14 4.46432147E-01-1.00000000E-15-4.17791776E-02-2.22194435E-02 0.00000000E+00
64  1 0.00000000E+00 0.00000000E+00 0.00000000E+00 0.00000000E+00 4.17179269E-02
64  2-7.84421391E-02 0.00000000E+00-7.04472986E-01 1.32461922E+00-1.00000000E-15
64  3 4.20082795E-02-7.89880886E-02 0.00000000E+00 1.00000000E-15-1.00000000E-15
64  4 0.00000000E+00 0.00000000E+00-3.35798076E-01 6.31400488E-01 0.00000000E+00
64  5 0.00000000E+00 0.00000000E+00 0.00000000E+00 2.88807227E-01-5.43043684E-01
64  6 5.30901255E-01-9.98252627E-01 1.00000000E-15-4.46432147E-01 0.00000000E+00
64  7 2.37426259E-01 0.00000000E+00-2.22194435E-02 4.17791776E-02 0.00000000E+00
64  8 0.00000000E+00 0.00000000E+00 0.00000000E+00 0.00000000E+00-4.17179269E-02
64  9 7.84421391E-02 0.00000000E+00 7.04472986E-01-1.32461922E+00-1.00000000E-15
64 10-4.20082795E-02 7.89880886E-02 0.00000000E+00 0.00000000E+00 0.00000000E+00
64 11 0.00000000E+00 0.00000000E+00-3.35798076E-01 6.31400488E-01 0.00000000E+00
64 12 0.00000000E+00 0.00000000E+00 0.00000000E+00 2.88807227E-01-5.43043684E-01
64 13-5.30901255E-01 9.98252627E-01 0.00000000E+00 4.46432147E-01 0.00000000E+00
64 14-2.37426259E-01 0.00000000E+00 2.22194435E-02-4.17791776E-02 0.00000000E+00
65  1-4.05741208E-01-7.35552642E-01 3.19076491E-01-3.81284439E-01 0.00000000E+00
65  2 0.00000000E+00-2.78985388E-02 0.00000000E+00 1.00000000E-15 1.96676307E+00
65  3 0.00000000E+00 0.00000000E+00-1.91832661E-01-1.80663459E-01-1.80663459E-01
65  4 8.29160398E-01 0.00000000E+00 0.00000000E+00 0.00000000E+00 4.90249327E-01
65  5 4.90249327E-01-4.94672673E-02 0.00000000E+00 0.00000000E+00 0.00000000E+00
65  6 0.00000000E+00-1.00000000E-15-1.19124759E+00 0.00000000E+00-7.13370934E-01
65  7 0.00000000E+00-7.13370934E-01 0.00000000E+00 0.00000000E+00 0.00000000E+00
65  8-4.05741208E-01-7.35552642E-01 3.19076491E-01-3.81284439E-01 0.00000000E+00
65  9 0.00000000E+00 2.78985388E-02-1.00000000E-15 0.00000000E+00-1.96676307E+00
65 10 0.00000000E+00 0.00000000E+00 1.91832661E-01-1.80663459E-01-1.80663459E-01
65 11 8.29160398E-01 0.00000000E+00 0.00000000E+00 0.00000000E+00 4.90249327E-01
65 12 4.90249327E-01-4.94672673E-02 0.00000000E+00 0.00000000E+00 0.00000000E+00
65 13 1.00000000E-15 0.00000000E+00 1.19124759E+00 0.00000000E+00 7.13370934E-01
65 14 0.00000000E+00 7.13370934E-01 0.00000000E+00 0.00000000E+00 0.00000000E+00
66  1-1.07432761E+00-1.92002182E+00 8.31381624E-01-1.50040088E+00 0.00000000E+00
66  2 0.00000000E+00-7.77115407E-01-1.00000000E-15 0.00000000E+00 4.75863820E+00
66  3 0.00000000E+00 0.00000000E+00 2.64056621E-01 1.44952160E-01 1.44952160E-01
66  4 9.67980119E-01 0.00000000E+00 0.00000000E+00 0.00000000E+00 1.01020799E+00
66  5 1.01020799E+00-1.15319456E+00 0.00000000E+00 0.00000000E+00 0.00000000E+00
66  6 0.00000000E+00 0.00000000E+00-1.32592655E+00 0.00000000E+00-1.38019591E+00
66  7 0.00000000E+00-1.38019591E+00 0.00000000E+00 0.00000000E+00 0.00000000E+00
66  8 1.07432761E+00 1.92002182E+00-8.31381624E-01 1.50040088E+00 0.00000000E+00
66  9 0.00000000E+00-7.77115407E-01 0.00000000E+00 0.00000000E+00 4.75863820E+00
66 10 0.00000000E+00 0.00000000E+00 2.64056621E-01-1.44952160E-01-1.44952160E-01
66 11-9.67980119E-01 0.00000000E+00 0.00000000E+00 0.00000000E+00-1.01020799E+00
66 12-1.01020799E+00 1.15319456E+00 0.00000000E+00 0.00000000E+00 0.00000000E+00
66 13 0.00000000E+00 0.00000000E+00-1.32592655E+00 0.00000000E+00-1.38019591E+00
66 14 0.00000000E+00-1.38019591E+00 0.00000000E+00 0.00000000E+00 0.00000000E+00
67  1 4.13826673E+00 7.92231432E+00-2.45592689E+00 1.73419092E+00 0.00000000E+00
67  2 0.00000000E+00-5.20744428E-02 0.00000000E+00 0.00000000E+00 4.02614355E-01
67  3 0.00000000E+00 0.00000000E+00-6.04787095E-02-1.57404540E+00-1.57404540E+00
67  4-1.40539178E+00 0.00000000E+00 0.00000000E+00 0.00000000E+00-2.29369300E+00
67  5-2.29369300E+00-2.33982587E+00 0.00000000E+00 0.00000000E+00 0.00000000E+00
67  6 0.00000000E+00 0.00000000E+00-1.91430504E-01 0.00000000E+00-1.94175899E-01
67  7 0.00000000E+00-1.94175899E-01 0.00000000E+00 0.00000000E+00 0.00000000E+00
67  8 4.13826673E+00 7.92231432E+00-2.45592689E+00 1.73419092E+00 0.00000000E+00
67  9 0.00000000E+00 5.20744428E-02 0.00000000E+00 0.00000000E+00-4.02614355E-01
67 10 0.00000000E+00 0.00000000E+00 6.04787095E-02-1.57404540E+00-1.57404540E+00
67 11-1.40539178E+00 0.00000000E+00 0.00000000E+00 0.00000000E+00-2.29369300E+00
67 12-2.29369300E+00-2.33982587E+00 0.00000000E+00 0.00000000E+00 0.00000000E+00
67 13 0.00000000E+00 0.00000000E+00 1.91430504E-01 0.00000000E+00 1.94175899E-01
67 14 0.00000000E+00 1.94175899E-01 0.00000000E+00 0.00000000E+00 0.00000000E+00
68  1 4.15189347E+00 7.92946337E+00-2.70614228E+00 2.81481405E+00 0.00000000E+00
68  2 0.00000000E+00-5.66540802E-01 0.00000000E+00 0.00000000E+00 3.60374396E+00
68  3 0.00000000E+00 0.00000000E+00-4.87831095E-01-1.55194447E+00-1.55194447E+00
68  4-1.29157899E+00 0.00000000E+00 0.00000000E+00 0.00000000E+00-2.49308586E+00
68  5-2.49308586E+00-3.73414330E+00 0.00000000E+00 0.00000000E+00 0.00000000E+00
68  6 0.00000000E+00 0.00000000E+00-1.17832689E+00 0.00000000E+00-8.86289792E-01
68  7 0.00000000E+00-8.86289792E-01 0.00000000E+00 0.00000000E+00 0.00000000E+00
68  8-4.15189347E+00-7.92946337E+00 2.70614228E+00-2.81481405E+00 0.00000000E+00
68  9 0.00000000E+00-5.66540802E-01 0.00000000E+00 0.00000000E+00 3.60374396E+00
68 10 0.00000000E+00 0.00000000E+00-4.87831095E-01 1.55194447E+00 1.55194447E+00
68 11 1.29157899E+00 0.00000000E+00 0.00000000E+00 0.00000000E+00 2.49308586E+00
68 12 2.49308586E+00 3.73414330E+00 0.00000000E+00 0.00000000E+00 0.00000000E+00
68 13 0.00000000E+00 0.00000000E+00-1.17832689E+00 0.00000000E+00-8.86289792E-01
68 14 0.00000000E+00-8.86289792E-01 0.00000000E+00 0.00000000E+00 0.00000000E+00
69  1 1.08444081E+00 4.07804827E+00 1.64182301E+00 5.57789448E-01 0.00000000E+00
69  2 0.00000000E+00-1.25782514E-02 0.00000000E+00 0.00000000E+00 3.66976876E-03
69  3 0.00000000E+00 0.00000000E+00-4.23883906E-03-1.92593479E+00-1.92593479E+00
69  4-1.91404207E+00 0.00000000E+00 0.00000000E+00 0.00000000E+00-9.36034804E-01
69  5-9.36034804E-01-9.37893242E-01 0.00000000E+00 0.00000000E+00 0.00000000E+00
69  6 0.00000000E+00 0.00000000E+00 1.96442784E-02 0.00000000E+00-2.04548362E-02
69  7 0.00000000E+00-2.04548362E-02 0.00000000E+00 0.00000000E+00 0.00000000E+00
69  8 1.08444081E+00 4.07804827E+00 1.64182301E+00 5.57789448E-01 0.00000000E+00
69  9 0.00000000E+00 1.25782514E-02 0.00000000E+00 0.00000000E+00-3.66976876E-03
69 10 0.00000000E+00 0.00000000E+00 4.23883906E-03-1.92593479E+00-1.92593479E+00
69 11-1.91404207E+00 0.00000000E+00 0.00000000E+00 0.00000000E+00-9.36034804E-01
69 12-9.36034804E-01-9.37893242E-01 0.00000000E+00 0.00000000E+00 0.00000000E+00
69 13 0.00000000E+00 0.00000000E+00-1.96442784E-02 0.00000000E+00 2.04548362E-02
69 14 0.00000000E+00 2.04548362E-02 0.00000000E+00 0.00000000E+00 0.00000000E+00
70  1 1.38375225E+00 4.67351827E+00 1.39708649E+00 1.32099785E+00 0.00000000E+00
70  2 0.00000000E+00-4.94926226E-03 0.00000000E+00 0.00000000E+00 1.69630654E-01
70  3 0.00000000E+00 0.00000000E+00-2.59982806E-01-2.04993760E+00-2.04993760E+00
70  4-2.09220393E+00 0.00000000E+00 0.00000000E+00 0.00000000E+00-1.26394829E+00
70  5-1.26394829E+00-1.18495976E+00 0.00000000E+00 0.00000000E+00 0.00000000E+00
70  6 0.00000000E+00 0.00000000E+00-1.13437631E-01 0.00000000E+00-1.26590341E-02
70  7 0.00000000E+00-1.26590341E-02 0.00000000E+00 0.00000000E+00 0.00000000E+00
70  8-1.38375225E+00-4.67351827E+00-1.39708649E+00-1.32099785E+00 0.00000000E+00
70  9 0.00000000E+00-4.94926226E-03 0.00000000E+00 0.00000000E+00 1.69630654E-01
70 10 0.00000000E+00 0.00000000E+00-2.59982806E-01 2.04993760E+00 2.04993760E+00
70 11 2.09220393E+00 0.00000000E+00 0.00000000E+00 0.00000000E+00 1.26394829E+00
70 12 1.26394829E+00 1.18495976E+00 0.00000000E+00 0.00000000E+00 0.00000000E+00
70 13 0.00000000E+00 0.00000000E+00-1.13437631E-01 0.00000000E+00-1.26590341E-02
70 14 0.00000000E+00-1.26590341E-02 0.00000000E+00 0.00000000E+00 0.00000000E+00
 $END
