 $DATA  
 HF                                                                             
C1       1
HYDROGEN    1.0      0.9200000000      0.0000000000      0.0000000000
   S       3
     1             33.8700000000  0.00606800
     2              5.0950000000  0.04530800
     3              1.1590000000  0.20282200
   S       1
     1              0.3258000000  1.00000000
   S       1
     1              0.1027000000  1.00000000
   P       1
     1              1.4070000000  1.00000000
   P       1
     1              0.3880000000  1.00000000
   D       1
     1              1.0570000000  1.00000000
        
FLUORINE    9.0      0.0000000000      0.0000000000      0.0000000000
   S       8
     1          19500.0000000000  0.00050700
     2           2923.0000000000  0.00392300
     3            664.5000000000  0.02020000
     4            187.5000000000  0.07901000
     5             60.6200000000  0.23043900
     6             21.4200000000  0.43287200
     7              7.9500000000  0.34996400
     8              0.8815000000 -0.00789200
   S       8
     1          19500.0000000000 -0.00011700
     2           2923.0000000000 -0.00091200
     3            664.5000000000 -0.00471700
     4            187.5000000000 -0.01908600
     5             60.6200000000 -0.05965500
     6             21.4200000000 -0.14001000
     7              7.9500000000 -0.17678200
     8              0.8815000000  0.60504300
   S       1
     1              2.2570000000  1.00000000
   S       1
     1              0.3041000000  1.00000000
   P       3
     1             43.8800000000  0.01666500
     2              9.9260000000  0.10447200
     3              2.9300000000  0.31726000
   P       1
     1              0.9132000000  1.00000000
   P       1
     1              0.2672000000  1.00000000
   D       1
     1              3.1070000000  1.00000000
   D       1
     1              0.8550000000  1.00000000
   F       1
     1              1.9170000000  1.00000000
        
 $END      
--- CLOSED SHELL ORBITALS --- GENERATED AT Sat Sep  9 18:09:18 2017
 HF                                                                             
E(R-PBEC)=     -100.3988221901, E(NUC)=    5.1767339600,   12 ITERS
 $VEC   
 1  1 5.11045778E-04 1.88440228E-03 4.31295094E-04-7.50049976E-04 0.00000000E+00
 1  2 0.00000000E+00-1.25511170E-03 0.00000000E+00 0.00000000E+00 7.46172029E-04
 1  3-5.54981787E-05-5.54981794E-05 0.00000000E+00 0.00000000E+00 0.00000000E+00
 1  4 9.70329104E-01-1.22449402E-02 4.61011954E-02-5.05875354E-03 1.29875205E-03
 1  5 0.00000000E+00 0.00000000E+00-1.59395153E-03 0.00000000E+00 0.00000000E+00
 1  6-9.08627004E-04 0.00000000E+00 0.00000000E+00 2.78523546E-03 2.78085794E-03
 1  7 2.78085793E-03 0.00000000E+00 0.00000000E+00 0.00000000E+00 3.69087194E-03
 1  8 4.89604339E-03 4.89604340E-03 0.00000000E+00 0.00000000E+00 0.00000000E+00
 1  9-1.66519941E-04 0.00000000E+00 0.00000000E+00 0.00000000E+00 0.00000000E+00
 1 10 1.03501080E-04 0.00000000E+00 1.03501080E-04 0.00000000E+00 0.00000000E+00
 2  1 8.71926419E-02 5.58002973E-02 6.61033786E-03-1.62029194E-02 0.00000000E+00
 2  2 0.00000000E+00-1.49846167E-02 0.00000000E+00 0.00000000E+00 5.90537517E-03
 2  3 4.01579527E-04 4.01579558E-04 0.00000000E+00 0.00000000E+00 0.00000000E+00
 2  4-5.51910342E-03 5.43187085E-01 1.57585678E-01 3.17637278E-01 3.41202538E-02
 2  5 0.00000000E+00 0.00000000E+00 4.46685565E-02 0.00000000E+00 0.00000000E+00
 2  6 1.00361931E-02 0.00000000E+00 0.00000000E+00 4.68119765E-03 3.86124187E-04
 2  7 3.86124770E-04 0.00000000E+00 0.00000000E+00 0.00000000E+00 1.04829549E-02
 2  8 1.49727260E-03 1.49727228E-03 0.00000000E+00 0.00000000E+00 0.00000000E+00
 2  9 2.41329531E-03 0.00000000E+00 0.00000000E+00 0.00000000E+00 0.00000000E+00
 2 10-3.75918624E-04 0.00000000E+00-3.75918626E-04 0.00000000E+00 0.00000000E+00
 3  1 1.63873001E-01 2.31248907E-01 2.52484576E-02-1.60544365E-02 0.00000000E+00
 3  2 0.00000000E+00-3.32223040E-02 0.00000000E+00 0.00000000E+00 5.42704317E-03
 3  3 1.73097912E-03 1.73097910E-03 0.00000000E+00 0.00000000E+00 0.00000000E+00
 3  4-3.70239927E-03-1.41663860E-01-3.67565294E-02-2.47495236E-01 3.24044061E-01
 3  5 0.00000000E+00 0.00000000E+00 3.86304669E-01 0.00000000E+00 0.00000000E+00
 3  6 2.21165636E-01 0.00000000E+00 0.00000000E+00 9.02685855E-03-2.86652305E-03
 3  7-2.86652334E-03 0.00000000E+00 0.00000000E+00 0.00000000E+00 2.92204839E-02
 3  8 3.22022461E-04 3.22022605E-04 0.00000000E+00 0.00000000E+00 0.00000000E+00
 3  9 1.05142871E-02 0.00000000E+00 0.00000000E+00 0.00000000E+00 0.00000000E+00
 3 10 2.18413156E-04 0.00000000E+00 2.18413160E-04 0.00000000E+00 0.00000000E+00
 4  1 0.00000000E+00 0.00000000E+00 0.00000000E+00 0.00000000E+00 1.09919662E-06
 4  2 1.17868234E-02 0.00000000E+00 3.03410524E-06 3.25350896E-02 0.00000000E+00
 4  3 0.00000000E+00 0.00000000E+00-6.93256310E-07-7.43387426E-03 0.00000000E+00
 4  4 0.00000000E+00 0.00000000E+00 0.00000000E+00 0.00000000E+00 0.00000000E+00
 4  5 3.55684926E-05 3.81405406E-01 0.00000000E+00 4.32928999E-05 4.64235186E-01
 4  6 0.00000000E+00 3.23690000E-05 3.47096850E-01 0.00000000E+00 0.00000000E+00
 4  7 0.00000000E+00 3.33123261E-07 3.57212245E-03 0.00000000E+00 0.00000000E+00
 4  8 0.00000000E+00 0.00000000E+00 1.18055338E-06 1.26592224E-02 0.00000000E+00
 4  9 0.00000000E+00 2.41106387E-07 2.58541720E-03 4.48864498E-07 4.81323160E-03
 4 10 0.00000000E+00 1.15626214E-03 0.00000000E+00 1.07828718E-07 0.00000000E+00
 5  1 0.00000000E+00 0.00000000E+00 0.00000000E+00 0.00000000E+00 1.17868231E-02
 5  2-1.09919664E-06 0.00000000E+00 3.25350913E-02-3.03410515E-06 0.00000000E+00
 5  3 0.00000000E+00 0.00000000E+00-7.43387435E-03 6.93256306E-07 0.00000000E+00
 5  4 0.00000000E+00 0.00000000E+00 0.00000000E+00 0.00000000E+00 0.00000000E+00
 5  5 3.81405406E-01-3.55684926E-05 0.00000000E+00 4.64235194E-01-4.32928992E-05
 5  6 0.00000000E+00 3.47096845E-01-3.23690004E-05 0.00000000E+00 0.00000000E+00
 5  7 0.00000000E+00 3.57212251E-03-3.33123258E-07 0.00000000E+00 0.00000000E+00
 5  8 0.00000000E+00 0.00000000E+00 1.26592221E-02-1.18055343E-06 0.00000000E+00
 5  9 0.00000000E+00 2.58541400E-03-2.41106682E-07 4.81323029E-03-4.48864619E-07
 5 10 0.00000000E+00-1.07828837E-07 0.00000000E+00 1.15626086E-03 0.00000000E+00
 6  1 9.39286601E-02-9.30032995E-02 1.47285724E+00 1.94882270E-02 0.00000000E+00
 6  2 0.00000000E+00-6.72473499E-02 0.00000000E+00 0.00000000E+00 5.05554212E-02
 6  3 4.26766575E-02 4.26766575E-02 0.00000000E+00 0.00000000E+00 0.00000000E+00
 6  4-1.19496633E-02-1.46889417E-01 6.91539160E-02-1.10240033E+00-1.10700508E-01
 6  5 0.00000000E+00 0.00000000E+00-1.09779664E-01 0.00000000E+00 0.00000000E+00
 6  6-3.26181640E-01 0.00000000E+00 0.00000000E+00 1.91885710E-02 1.86746932E-02
 6  7 1.86746928E-02 0.00000000E+00 0.00000000E+00 0.00000000E+00 1.27825018E-01
 6  8 1.53757106E-01 1.53757106E-01 0.00000000E+00 0.00000000E+00 0.00000000E+00
 6  9-1.52662453E-02 0.00000000E+00 0.00000000E+00 0.00000000E+00 0.00000000E+00
 6 10-5.51910370E-03 0.00000000E+00-5.51910370E-03 0.00000000E+00 0.00000000E+00
 7  1-4.40214127E-02 2.23691176E+00-1.27759066E+00 9.68995019E-03 0.00000000E+00
 7  2 0.00000000E+00 3.68073640E-01 0.00000000E+00 0.00000000E+00-1.96339403E-01
 7  3-1.49914832E-01-1.49914832E-01 0.00000000E+00 0.00000000E+00 0.00000000E+00
 7  4 6.98452312E-03-6.13770397E-02-1.36231904E-02-1.27141400E-01-1.83512375E-01
 7  5 0.00000000E+00 0.00000000E+00-1.23069542E-01 0.00000000E+00 0.00000000E+00
 7  6-5.13672885E-01 0.00000000E+00 0.00000000E+00 1.28380407E-02-5.91759615E-03
 7  7-5.91759626E-03 0.00000000E+00 0.00000000E+00 0.00000000E+00 8.11609483E-02
 7  8-1.21848963E-02-1.21848963E-02 0.00000000E+00 0.00000000E+00 0.00000000E+00
 7  9-1.14195905E-02 0.00000000E+00 0.00000000E+00 0.00000000E+00 0.00000000E+00
 7 10-8.45183197E-03 0.00000000E+00-8.45183198E-03 0.00000000E+00 0.00000000E+00
 8  1 8.08411742E-02 2.47661708E+00-8.81599675E-02-7.22573634E-02 0.00000000E+00
 8  2 0.00000000E+00-1.37002394E+00 0.00000000E+00 0.00000000E+00 1.86667941E-01
 8  3-3.36953360E-02-3.36953360E-02 0.00000000E+00 0.00000000E+00 0.00000000E+00
 8  4 1.01696853E-02-1.57889831E-01-4.04296305E-01-7.12036360E-01 1.23572979E-01
 8  5 0.00000000E+00 0.00000000E+00 2.68306910E-01 0.00000000E+00 0.00000000E+00
 8  6-2.18168798E+00 0.00000000E+00 0.00000000E+00-3.62715861E-02-7.14107874E-02
 8  7-7.14107867E-02 0.00000000E+00 0.00000000E+00 0.00000000E+00-7.14014471E-01
 8  8-3.80983247E-01-3.80983248E-01 0.00000000E+00 0.00000000E+00 0.00000000E+00
 8  9-1.21222443E-01 0.00000000E+00 0.00000000E+00 0.00000000E+00 0.00000000E+00
 8 10-2.94311133E-02 0.00000000E+00-2.94311133E-02 0.00000000E+00 0.00000000E+00
 9  1 0.00000000E+00 0.00000000E+00 0.00000000E+00 0.00000000E+00 1.09470843E-07
 9  2 6.58426152E-02 0.00000000E+00-1.41418303E-06-8.50578166E-01 0.00000000E+00
 9  3 0.00000000E+00 0.00000000E+00 2.10852981E-08 1.26820173E-02 0.00000000E+00
 9  4 0.00000000E+00 0.00000000E+00 0.00000000E+00 0.00000000E+00 0.00000000E+00
 9  5 1.99628195E-07 1.20068893E-01 0.00000000E+00 1.68221485E-06 1.01178927E+00
 9  6 0.00000000E+00-7.88188292E-07-4.74065740E-01 0.00000000E+00 0.00000000E+00
 9  7 0.00000000E+00-1.80623919E-08-1.08638527E-02 0.00000000E+00 0.00000000E+00
 9  8 0.00000000E+00 0.00000000E+00 1.95113623E-08 1.17353548E-02 0.00000000E+00
 9  9 0.00000000E+00-3.92818505E-07-2.36265624E-01-1.67705528E-07-1.00868597E-01
 9 10 0.00000000E+00-1.05661158E-01 0.00000000E+00-1.75673708E-07 0.00000000E+00
10  1 0.00000000E+00 0.00000000E+00 0.00000000E+00 0.00000000E+00 6.58426151E-02
10  2-1.09470846E-07 0.00000000E+00-8.50578172E-01 1.41418306E-06 0.00000000E+00
10  3 0.00000000E+00 0.00000000E+00 1.26820176E-02-2.10852977E-08 0.00000000E+00
10  4 0.00000000E+00 0.00000000E+00 0.00000000E+00 0.00000000E+00 0.00000000E+00
10  5 1.20068892E-01-1.99628212E-07 0.00000000E+00 1.01178926E+00-1.68221486E-06
10  6 0.00000000E+00-4.74065730E-01 7.88188235E-07 0.00000000E+00 0.00000000E+00
10  7 0.00000000E+00-1.08638529E-02 1.80623922E-08 0.00000000E+00 0.00000000E+00
10  8 0.00000000E+00 0.00000000E+00 1.17353547E-02-1.95113652E-08 0.00000000E+00
10  9 0.00000000E+00-2.36265624E-01 3.92818497E-07-1.00868596E-01 1.67705525E-07
10 10 0.00000000E+00 1.75673704E-07 0.00000000E+00-1.05661158E-01 0.00000000E+00
11  1 0.00000000E+00 0.00000000E+00 0.00000000E+00 0.00000000E+00-2.73936236E-08
11  2 5.79115289E-02 0.00000000E+00 4.76263835E-07-1.00684618E+00 0.00000000E+00
11  3 0.00000000E+00 0.00000000E+00-1.90636469E-08 4.03015289E-02 0.00000000E+00
11  4 0.00000000E+00 0.00000000E+00 0.00000000E+00 0.00000000E+00 0.00000000E+00
11  5 2.82597997E-08-5.97426760E-02 0.00000000E+00 4.70582139E-07-9.94834713E-01
11  6 0.00000000E+00-7.01710796E-07 1.48345252E+00 0.00000000E+00 0.00000000E+00
11  7 0.00000000E+00 9.15591381E-09-1.93560709E-02 0.00000000E+00 0.00000000E+00
11  8 0.00000000E+00 0.00000000E+00-4.79498046E-09 1.01368468E-02 0.00000000E+00
11  9 0.00000000E+00-1.16505137E-07 2.46297813E-01-5.59755511E-08 1.18335177E-01
11 10 0.00000000E+00 1.10147710E-01 0.00000000E+00-5.21026711E-08 0.00000000E+00
12  1 0.00000000E+00 0.00000000E+00 0.00000000E+00 0.00000000E+00 5.79115271E-02
12  2 2.73936291E-08 0.00000000E+00-1.00684617E+00-4.76263879E-07 0.00000000E+00
12  3 0.00000000E+00 0.00000000E+00 4.03015269E-02 1.90636487E-08 0.00000000E+00
12  4 0.00000000E+00 0.00000000E+00 0.00000000E+00 0.00000000E+00 0.00000000E+00
12  5-5.97426766E-02-2.82598118E-08 0.00000000E+00-9.94834719E-01-4.70582112E-07
12  6 0.00000000E+00 1.48345253E+00 7.01710767E-07 0.00000000E+00 0.00000000E+00
12  7 0.00000000E+00-1.93560705E-02-9.15591422E-09 0.00000000E+00 0.00000000E+00
12  8 0.00000000E+00 0.00000000E+00 1.01368427E-02 4.79499030E-09 0.00000000E+00
12  9 0.00000000E+00 2.46297814E-01 1.16505125E-07 1.18335177E-01 5.59755468E-08
12 10 0.00000000E+00 5.21026664E-08 0.00000000E+00 1.10147710E-01 0.00000000E+00
13  1-1.17668996E-02-2.12540388E+00-8.99728745E-01 6.03904357E-03 0.00000000E+00
13  2 0.00000000E+00 8.47411680E-01 0.00000000E+00 0.00000000E+00-8.74809317E-02
13  3-3.06021479E-03-3.06021462E-03 0.00000000E+00 0.00000000E+00 0.00000000E+00
13  4-3.84161963E-02-2.91991214E-01-9.07623282E-01 5.76815306E+00-6.50033190E-02
13  5 0.00000000E+00 0.00000000E+00-3.86602249E-01 0.00000000E+00 0.00000000E+00
13  6 2.07998577E+00 0.00000000E+00 0.00000000E+00-1.45515663E-01-1.13145161E-01
13  7-1.13145158E-01 0.00000000E+00 0.00000000E+00 0.00000000E+00-9.75310953E-01
13  8-1.09565620E+00-1.09565620E+00 0.00000000E+00 0.00000000E+00 0.00000000E+00
13  9 1.00639201E-01 0.00000000E+00 0.00000000E+00 0.00000000E+00 0.00000000E+00
13 10 4.06038615E-02 0.00000000E+00 4.06038615E-02 0.00000000E+00 0.00000000E+00
14  1-3.72597655E-01-2.71552241E+00-7.01948348E-01-2.90307922E-02 0.00000000E+00
14  2 0.00000000E+00 2.90549396E+00 0.00000000E+00 0.00000000E+00-3.57004819E-01
14  3-6.78095997E-02-6.78095996E-02 0.00000000E+00 0.00000000E+00 0.00000000E+00
14  4 3.54651288E-02 1.03423560E-01-8.21258251E-02 4.31437671E+00 7.43039976E-02
14  5 0.00000000E+00 0.00000000E+00 1.74938958E+00 0.00000000E+00 0.00000000E+00
14  6 1.18175397E+00 0.00000000E+00 0.00000000E+00-3.72415244E-02-1.35764327E-02
14  7-1.35764322E-02 0.00000000E+00 0.00000000E+00 0.00000000E+00 4.35242680E-02
14  8-1.54765561E-01-1.54765561E-01 0.00000000E+00 0.00000000E+00 0.00000000E+00
14  9-3.08758991E-01 0.00000000E+00 0.00000000E+00 0.00000000E+00 0.00000000E+00
14 10-1.53643385E-01 0.00000000E+00-1.53643385E-01 0.00000000E+00 0.00000000E+00
15  1-1.56946754E+00 7.87555656E+00-7.58764707E-01-1.32069436E-01 0.00000000E+00
15  2 0.00000000E+00-2.50092829E+00 0.00000000E+00 0.00000000E+00-5.19315768E-01
15  3-7.97305427E-01-7.97305427E-01 0.00000000E+00 0.00000000E+00 0.00000000E+00
15  4 2.55612180E-02 1.19134287E-01 1.06752294E-01-4.79036901E+00 1.68169638E-01
15  5 0.00000000E+00 0.00000000E+00-9.62649925E-01 0.00000000E+00 0.00000000E+00
15  6-2.34657313E+00 0.00000000E+00 0.00000000E+00 3.55821450E-02 5.13710224E-03
15  7 5.13710196E-03 0.00000000E+00 0.00000000E+00 0.00000000E+00-3.65508928E-01
15  8 2.39582375E-01 2.39582375E-01 0.00000000E+00 0.00000000E+00 0.00000000E+00
15  9 1.72921334E-01 0.00000000E+00 0.00000000E+00 0.00000000E+00 0.00000000E+00
15 10 1.39382382E-01 0.00000000E+00 1.39382382E-01 0.00000000E+00 0.00000000E+00
16  1-1.63198004E-10 6.18681824E-10-9.78714209E-11 0.00000000E+00 0.00000000E+00
16  2 0.00000000E+00-1.29170386E-10 0.00000000E+00 0.00000000E+00-8.29014399E-11
16  3-1.49296445E-01 1.49296445E-01 0.00000000E+00 0.00000000E+00-1.49805808E-10
16  4-1.98621038E-10-4.26319270E-10 1.39696735E-10-5.97561370E-10-1.81515624E-11
16  5 0.00000000E+00 0.00000000E+00 6.51380304E-11 0.00000000E+00 0.00000000E+00
16  6-1.51379028E-10 0.00000000E+00 0.00000000E+00 9.70346954E-11 8.51758284E-03
16  7-8.51758266E-03 0.00000000E+00 0.00000000E+00 0.00000000E+00 2.41284095E-10
16  8-8.22684909E-01 8.22684910E-01 0.00000000E+00 0.00000000E+00-8.25491803E-10
16  9-3.12728245E-11 0.00000000E+00 0.00000000E+00 0.00000000E+00 0.00000000E+00
16 10-5.40690742E-03 0.00000000E+00 5.40690739E-03 0.00000000E+00 0.00000000E+00
17  1 0.00000000E+00 0.00000000E+00 0.00000000E+00 0.00000000E+00 0.00000000E+00
17  2 0.00000000E+00 0.00000000E+00 0.00000000E+00 0.00000000E+00 0.00000000E+00
17  3-1.29735387E-10 1.29735917E-10 0.00000000E+00 0.00000000E+00 1.72392789E-01
17  4 0.00000000E+00 0.00000000E+00 0.00000000E+00 0.00000000E+00 0.00000000E+00
17  5 0.00000000E+00 0.00000000E+00 0.00000000E+00 0.00000000E+00 0.00000000E+00
17  6 0.00000000E+00 0.00000000E+00 0.00000000E+00 0.00000000E+00 0.00000000E+00
17  7 0.00000000E+00 0.00000000E+00 0.00000000E+00-9.83527018E-03 0.00000000E+00
17  8-7.14896986E-10 7.14897109E-10 0.00000000E+00 0.00000000E+00 9.49954671E-01
17  9 0.00000000E+00 0.00000000E+00 0.00000000E+00 0.00000000E+00 0.00000000E+00
17 10 0.00000000E+00 0.00000000E+00 0.00000000E+00 0.00000000E+00 6.24338918E-03
18  1 0.00000000E+00 0.00000000E+00 0.00000000E+00 0.00000000E+00-1.13979716E-07
18  2 1.64725595E-01 0.00000000E+00 4.84213893E-07-6.99794864E-01 0.00000000E+00
18  3 0.00000000E+00 0.00000000E+00 6.78999541E-08-9.81302684E-02 0.00000000E+00
18  4 0.00000000E+00 0.00000000E+00 0.00000000E+00 0.00000000E+00 0.00000000E+00
18  5 3.90009799E-08-5.63649354E-02 0.00000000E+00 8.68409373E-09-1.25503804E-02
18  6 0.00000000E+00-2.75723966E-07 3.98481362E-01 0.00000000E+00 0.00000000E+00
18  7 0.00000000E+00-4.79184684E-10 6.92526285E-04 0.00000000E+00 0.00000000E+00
18  8 0.00000000E+00 0.00000000E+00-7.12640354E-07 1.02992101E+00 0.00000000E+00
18  9 0.00000000E+00 1.32196215E-08-1.91052499E-02 1.09666593E-08-1.58492219E-02
18 10 0.00000000E+00-8.54410839E-03 0.00000000E+00 5.91198226E-09 0.00000000E+00
19  1 0.00000000E+00 0.00000000E+00 0.00000000E+00 0.00000000E+00 1.64725594E-01
19  2 1.13979716E-07 0.00000000E+00-6.99794865E-01-4.84213885E-07 0.00000000E+00
19  3 0.00000000E+00 0.00000000E+00-9.81302700E-02-6.78999545E-08 0.00000000E+00
19  4 0.00000000E+00 0.00000000E+00 0.00000000E+00 0.00000000E+00 0.00000000E+00
19  5-5.63649361E-02-3.90009805E-08 0.00000000E+00-1.25503811E-02-8.68404204E-09
19  6 0.00000000E+00 3.98481364E-01 2.75723952E-07 0.00000000E+00 0.00000000E+00
19  7 0.00000000E+00 6.92526392E-04 4.79184140E-10 0.00000000E+00 0.00000000E+00
19  8 0.00000000E+00 0.00000000E+00 1.02992101E+00 7.12640354E-07 0.00000000E+00
19  9 0.00000000E+00-1.91052499E-02-1.32196373E-08-1.58492222E-02-1.09666657E-08
19 10 0.00000000E+00-5.91198711E-09 0.00000000E+00-8.54410841E-03 0.00000000E+00
20  1-6.34328209E-01-2.09252109E+00-4.41035976E-01 7.85616698E-02 0.00000000E+00
20  2 0.00000000E+00 1.94412344E+00 0.00000000E+00 0.00000000E+00-1.05715634E+00
20  3-2.46025063E-01-2.46025063E-01 0.00000000E+00 0.00000000E+00 0.00000000E+00
20  4-6.09275495E-02-2.53941546E-01-1.92709174E-03 3.20898430E+00 2.04013198E-01
20  5 0.00000000E+00 0.00000000E+00 3.37131523E-01 0.00000000E+00 0.00000000E+00
20  6 1.88049392E+00 0.00000000E+00 0.00000000E+00 3.53974441E-02 1.26724864E-02
20  7 1.26724866E-02 0.00000000E+00 0.00000000E+00 0.00000000E+00 1.72359849E+00
20  8-4.59175375E-01-4.59175376E-01 0.00000000E+00 0.00000000E+00 0.00000000E+00
20  9 2.92559777E-01 0.00000000E+00 0.00000000E+00 0.00000000E+00 0.00000000E+00
20 10 6.55708400E-02 0.00000000E+00 6.55708400E-02 0.00000000E+00 0.00000000E+00
21  1 7.35725908E-02-5.46276409E-01-3.57422783E-01-1.00146324E-01 0.00000000E+00
21  2 0.00000000E+00-1.41302661E-01 0.00000000E+00 0.00000000E+00 5.47053393E-01
21  3-8.93875724E-02-8.93875719E-02 0.00000000E+00 0.00000000E+00 0.00000000E+00
21  4 6.52418596E-01 1.89990378E+00-8.57145869E-01 3.94801692E+00 8.59586458E-02
21  5 0.00000000E+00 0.00000000E+00-6.42350238E-01 0.00000000E+00 0.00000000E+00
21  6 6.40470435E-01 0.00000000E+00 0.00000000E+00-2.95292505E-01-3.05406927E-01
21  7-3.05406920E-01 0.00000000E+00 0.00000000E+00 0.00000000E+00-1.88716461E+00
21  8-2.24764030E+00-2.24764031E+00 0.00000000E+00 0.00000000E+00 0.00000000E+00
21  9 2.33815167E-02 0.00000000E+00 0.00000000E+00 0.00000000E+00 0.00000000E+00
21 10 6.06731487E-02 0.00000000E+00 6.06731487E-02 0.00000000E+00 0.00000000E+00
22  1 0.00000000E+00-1.69907416E-11 0.00000000E+00 0.00000000E+00 0.00000000E+00
22  2 0.00000000E+00 6.71539488E-11 0.00000000E+00 0.00000000E+00-7.37476197E-11
22  3-8.69219802E-01 8.69219802E-01 0.00000000E+00 0.00000000E+00 1.71295357E-09
22  4 2.08823830E-10 4.46411533E-10-1.71765579E-11 3.34976294E-11 0.00000000E+00
22  5 0.00000000E+00 0.00000000E+00 6.70661023E-11 0.00000000E+00 0.00000000E+00
22  6 0.00000000E+00 0.00000000E+00 0.00000000E+00-1.02984907E-10 2.03021378E-03
22  7-2.03021406E-03 0.00000000E+00 0.00000000E+00 0.00000000E+00-7.43309952E-11
22  8 3.50021603E-01-3.50021603E-01 0.00000000E+00 0.00000000E+00-6.89780509E-10
22  9 0.00000000E+00 0.00000000E+00 0.00000000E+00 0.00000000E+00 0.00000000E+00
22 10-3.94403853E-02 0.00000000E+00 3.94403852E-02 0.00000000E+00 7.77243265E-11
23  1 0.00000000E+00 0.00000000E+00 0.00000000E+00 0.00000000E+00 0.00000000E+00
23  2 0.00000000E+00 0.00000000E+00 0.00000000E+00 0.00000000E+00 0.00000000E+00
23  3 1.48346172E-09-1.48346096E-09 0.00000000E+00 0.00000000E+00 1.00368856E+00
23  4 0.00000000E+00 0.00000000E+00 0.00000000E+00 0.00000000E+00 0.00000000E+00
23  5 0.00000000E+00 0.00000000E+00 0.00000000E+00 0.00000000E+00 0.00000000E+00
23  6 0.00000000E+00 0.00000000E+00 0.00000000E+00 0.00000000E+00 0.00000000E+00
23  7 0.00000000E+00 0.00000000E+00 0.00000000E+00-2.34427816E-03 0.00000000E+00
23  8-5.97362774E-10 5.97371679E-10 0.00000000E+00 0.00000000E+00-4.04170245E-01
23  9 0.00000000E+00 0.00000000E+00 0.00000000E+00 0.00000000E+00 0.00000000E+00
23 10 6.73108438E-11 0.00000000E+00-6.73116675E-11 0.00000000E+00 4.55418066E-02
24  1 0.00000000E+00 0.00000000E+00 0.00000000E+00 0.00000000E+00 8.87263316E-01
24  2-6.52485239E-08 0.00000000E+00-4.77581073E-01 3.51208724E-08 0.00000000E+00
24  3 0.00000000E+00 0.00000000E+00 5.39822867E-02-3.96980497E-09 0.00000000E+00
24  4 0.00000000E+00 0.00000000E+00 0.00000000E+00 0.00000000E+00 0.00000000E+00
24  5-9.11591020E-01 6.70375615E-08 0.00000000E+00 2.59449807E+00-1.90796982E-07
24  6 0.00000000E+00-4.72650863E-01 3.47583054E-08 0.00000000E+00 0.00000000E+00
24  7 0.00000000E+00 7.33620476E-03-5.39498395E-10 0.00000000E+00 0.00000000E+00
24  8 0.00000000E+00 0.00000000E+00-2.21477231E-01 1.62872286E-08 0.00000000E+00
24  9 0.00000000E+00-1.07543425E+00 7.90864401E-08-4.04267078E-01 2.97294258E-08
24 10 0.00000000E+00 3.53685269E-08 0.00000000E+00-4.80948775E-01 0.00000000E+00
25  1 0.00000000E+00 0.00000000E+00 0.00000000E+00 0.00000000E+00 6.52485305E-08
25  2 8.87263332E-01 0.00000000E+00-3.51208756E-08-4.77581087E-01 0.00000000E+00
25  3 0.00000000E+00 0.00000000E+00 3.96981456E-09 5.39822941E-02 0.00000000E+00
25  4 0.00000000E+00 0.00000000E+00 0.00000000E+00 0.00000000E+00 0.00000000E+00
25  5-6.70375526E-08-9.11591002E-01 0.00000000E+00 1.90796971E-07 2.59449801E+00
25  6 0.00000000E+00-3.47583026E-08-4.72650844E-01 0.00000000E+00 0.00000000E+00
25  7 0.00000000E+00 5.39497473E-10 7.33620486E-03 0.00000000E+00 0.00000000E+00
25  8 0.00000000E+00 0.00000000E+00-1.62872298E-08-2.21477229E-01 0.00000000E+00
25  9 0.00000000E+00-7.90864316E-08-1.07543423E+00-2.97294214E-08-4.04267065E-01
25 10 0.00000000E+00-4.80948764E-01 0.00000000E+00-3.53685243E-08 0.00000000E+00
26  1 0.00000000E+00 0.00000000E+00 0.00000000E+00 0.00000000E+00 7.27781207E-06
26  2-7.20890154E-01 0.00000000E+00-8.63472501E-06 8.55296660E-01 0.00000000E+00
26  3 0.00000000E+00 0.00000000E+00 7.66170067E-06-7.58915556E-01 0.00000000E+00
26  4 0.00000000E+00 0.00000000E+00 0.00000000E+00 0.00000000E+00 0.00000000E+00
26  5 7.98932030E-06-7.91367315E-01 0.00000000E+00-2.07094456E-05 2.05133573E+00
26  6 0.00000000E+00 8.84944263E-06-8.76565127E-01 0.00000000E+00 0.00000000E+00
26  7 0.00000000E+00-1.00422932E-07 9.94720795E-03 0.00000000E+00 0.00000000E+00
26  8 0.00000000E+00 0.00000000E+00 4.14964246E-06-4.11035146E-01 0.00000000E+00
26  9 0.00000000E+00 8.38078565E-06-8.30143184E-01 4.93975897E-06-4.89298664E-01
26 10 0.00000000E+00-3.71251243E-01 0.00000000E+00 3.74800052E-06 0.00000000E+00
27  1 0.00000000E+00 0.00000000E+00 0.00000000E+00 0.00000000E+00-7.20890175E-01
27  2-7.27781185E-06 0.00000000E+00 8.55296669E-01 8.63472492E-06 0.00000000E+00
27  3 0.00000000E+00 0.00000000E+00-7.58915548E-01-7.66170075E-06 0.00000000E+00
27  4 0.00000000E+00 0.00000000E+00 0.00000000E+00 0.00000000E+00 0.00000000E+00
27  5-7.91367303E-01-7.98932042E-06 0.00000000E+00 2.05133572E+00 2.07094458E-05
27  6 0.00000000E+00-8.76565125E-01-8.84944266E-06 0.00000000E+00 0.00000000E+00
27  7 0.00000000E+00 9.94720728E-03 1.00422939E-07 0.00000000E+00 0.00000000E+00
27  8 0.00000000E+00 0.00000000E+00-4.11035136E-01-4.14964256E-06 0.00000000E+00
27  9 0.00000000E+00-8.30143177E-01-8.38078572E-06-4.89298662E-01-4.93975900E-06
27 10 0.00000000E+00-3.74800056E-06 0.00000000E+00-3.71251240E-01 0.00000000E+00
28  1 1.97405904E-01-1.10907403E+00-4.13495460E-01-6.18520694E-01 0.00000000E+00
28  2 0.00000000E+00 1.85809579E+00 0.00000000E+00 0.00000000E+00-9.69780161E-01
28  3-1.04718552E-01-1.04718552E-01 0.00000000E+00 0.00000000E+00 0.00000000E+00
28  4 3.74321079E-01 8.80954764E-01-1.03909312E-01 2.73796208E+00-9.55043423E-01
28  5 0.00000000E+00 0.00000000E+00 3.06373465E+00 0.00000000E+00 0.00000000E+00
28  6 1.76393221E-01 0.00000000E+00 0.00000000E+00-4.70786877E-02-1.31400058E-01
28  7-1.31400057E-01 0.00000000E+00 0.00000000E+00 0.00000000E+00-4.84060870E-01
28  8-4.50292290E-01-4.50292291E-01 0.00000000E+00 0.00000000E+00 0.00000000E+00
28  9-8.96301563E-01 0.00000000E+00 0.00000000E+00 0.00000000E+00 0.00000000E+00
28 10-4.61041924E-01 0.00000000E+00-4.61041924E-01 0.00000000E+00 0.00000000E+00
29  1 0.00000000E+00 0.00000000E+00 0.00000000E+00 0.00000000E+00-5.39670361E-01
29  2-2.75343558E-07 0.00000000E+00-3.33638429E-01-1.70224639E-07 0.00000000E+00
29  3 0.00000000E+00 0.00000000E+00 1.18588472E+00 6.05046608E-07 0.00000000E+00
29  4 0.00000000E+00 0.00000000E+00 0.00000000E+00 0.00000000E+00 0.00000000E+00
29  5-7.35251390E-01-3.75130360E-07 0.00000000E+00 2.76502543E+00 1.41073516E-06
29  6 0.00000000E+00-2.48219900E-01-1.26643517E-07 0.00000000E+00 0.00000000E+00
29  7 0.00000000E+00-4.46793016E-02-2.27956886E-08 0.00000000E+00 0.00000000E+00
29  8 0.00000000E+00 0.00000000E+00 9.30473176E-01 4.74733864E-07 0.00000000E+00
29  9 0.00000000E+00-8.99272776E-01-4.58815208E-07-5.13390215E-01-2.61935250E-07
29 10 0.00000000E+00-2.05188304E-07 0.00000000E+00-4.02166828E-01 0.00000000E+00
30  1 0.00000000E+00 0.00000000E+00 0.00000000E+00 0.00000000E+00 2.75343552E-07
30  2-5.39670361E-01 0.00000000E+00 1.70224649E-07-3.33638425E-01 0.00000000E+00
30  3 0.00000000E+00 0.00000000E+00-6.05046614E-07 1.18588472E+00 0.00000000E+00
30  4 0.00000000E+00 0.00000000E+00 0.00000000E+00 0.00000000E+00 0.00000000E+00
30  5 3.75130353E-07-7.35251400E-01 0.00000000E+00-1.41073514E-06 2.76502544E+00
30  6 0.00000000E+00 1.26643506E-07-2.48219907E-01 0.00000000E+00 0.00000000E+00
30  7 0.00000000E+00 2.27956894E-08-4.46793015E-02 0.00000000E+00 0.00000000E+00
30  8 0.00000000E+00 0.00000000E+00-4.74733871E-07 9.30473171E-01 0.00000000E+00
30  9 0.00000000E+00 4.58815201E-07-8.99272777E-01 2.61935247E-07-5.13390217E-01
30 10 0.00000000E+00-4.02166829E-01 0.00000000E+00 2.05188303E-07 0.00000000E+00
31  1 1.14819187E-02 5.59664046E+00-4.19391406E-01 1.61864838E-01 0.00000000E+00
31  2 0.00000000E+00-1.93318296E+00 0.00000000E+00 0.00000000E+00-2.93317225E-01
31  3-1.61459686E+00-1.61459686E+00 0.00000000E+00 0.00000000E+00 0.00000000E+00
31  4-1.88472972E-01-4.83347397E-01-3.38793475E-02-3.09939159E+00 8.50897760E-02
31  5 0.00000000E+00 0.00000000E+00-7.95830721E-01 0.00000000E+00 0.00000000E+00
31  6-1.23191616E+00 0.00000000E+00 0.00000000E+00 4.78010219E-02 3.73697142E-02
31  7 3.73697134E-02 0.00000000E+00 0.00000000E+00 0.00000000E+00-1.86904169E-02
31  8 2.91912942E-01 2.91912942E-01 0.00000000E+00 0.00000000E+00 0.00000000E+00
31  9 1.29793928E-01 0.00000000E+00 0.00000000E+00 0.00000000E+00 0.00000000E+00
31 10 4.59588948E-02 0.00000000E+00 4.59588948E-02 0.00000000E+00 0.00000000E+00
32  1-5.15541524E-01 2.07842687E-01 2.26152138E-01-2.00536718E-01 0.00000000E+00
32  2 0.00000000E+00-6.48874327E-01 0.00000000E+00 0.00000000E+00 1.47120216E+00
32  3-1.14840681E-01-1.14840681E-01 0.00000000E+00 0.00000000E+00 0.00000000E+00
32  4-4.69887458E-01-1.20474823E+00-1.07721174E-01-1.03279560E+00-8.65583626E-01
32  5 0.00000000E+00 0.00000000E+00 1.78683137E+00 0.00000000E+00 0.00000000E+00
32  6-5.36321614E-01 0.00000000E+00 0.00000000E+00 1.40580503E-01 6.99671338E-02
32  7 6.99671310E-02 0.00000000E+00 0.00000000E+00 0.00000000E+00 4.78755735E-01
32  8 3.44536742E-01 3.44536743E-01 0.00000000E+00 0.00000000E+00 0.00000000E+00
32  9-1.27132658E+00 0.00000000E+00 0.00000000E+00 0.00000000E+00 0.00000000E+00
32 10-3.02645688E-01 0.00000000E+00-3.02645688E-01 0.00000000E+00 0.00000000E+00
33  1-8.13581887E-01-2.19127377E+00-2.13413970E-01 1.73696553E+00 0.00000000E+00
33  2 0.00000000E+00 2.14901655E+00 0.00000000E+00 0.00000000E+00-2.00915649E+00
33  3-2.55394113E-01-2.55394113E-01 0.00000000E+00 0.00000000E+00 0.00000000E+00
33  4 4.64435729E-02 2.57217075E-01 5.27773865E-01 2.49945763E+00-8.10526164E-01
33  5 0.00000000E+00 0.00000000E+00 4.85955198E+00 0.00000000E+00 0.00000000E+00
33  6 8.95971648E-01 0.00000000E+00 0.00000000E+00-1.24094851E-01 1.50418357E-01
33  7 1.50418354E-01 0.00000000E+00 0.00000000E+00 0.00000000E+00 2.25637405E+00
33  8-1.11385509E-01-1.11385508E-01 0.00000000E+00 0.00000000E+00 0.00000000E+00
33  9-1.33078288E+00 0.00000000E+00 0.00000000E+00 0.00000000E+00 0.00000000E+00
33 10-2.75835428E-01 0.00000000E+00-2.75835428E-01 0.00000000E+00 0.00000000E+00
34  1 0.00000000E+00 0.00000000E+00 0.00000000E+00 0.00000000E+00 0.00000000E+00
34  2 1.15533930E-07 0.00000000E+00 0.00000000E+00-4.62848095E-08 0.00000000E+00
34  3 0.00000000E+00 0.00000000E+00 0.00000000E+00-1.22089108E-07 0.00000000E+00
34  4 0.00000000E+00 0.00000000E+00 0.00000000E+00 0.00000000E+00 0.00000000E+00
34  5 0.00000000E+00 1.56367979E-07 0.00000000E+00 5.17513855E-11-3.31960802E-06
34  6 0.00000000E+00 0.00000000E+00 5.29730494E-07 0.00000000E+00 0.00000000E+00
34  7 0.00000000E+00 0.00000000E+00-2.73621702E-07 0.00000000E+00 0.00000000E+00
34  8 0.00000000E+00 0.00000000E+00 0.00000000E+00 4.58115848E-08 0.00000000E+00
34  9 0.00000000E+00 1.23513604E-05-7.90567472E-01-1.36474423E-11 8.76150557E-07
34 10 0.00000000E+00 1.06066104E+00 0.00000000E+00-1.65711430E-05 0.00000000E+00
35  1 0.00000000E+00 0.00000000E+00 0.00000000E+00 0.00000000E+00 1.15501458E-07
35  2 0.00000000E+00 0.00000000E+00-4.62048869E-08 0.00000000E+00 0.00000000E+00
35  3 0.00000000E+00 0.00000000E+00-1.22320173E-07 0.00000000E+00 0.00000000E+00
35  4 0.00000000E+00 0.00000000E+00 0.00000000E+00 0.00000000E+00 0.00000000E+00
35  5 1.57515663E-07 0.00000000E+00 0.00000000E+00-3.31213389E-06-5.18551578E-11
35  6 0.00000000E+00 5.29075780E-07 0.00000000E+00 0.00000000E+00 0.00000000E+00
35  7 0.00000000E+00-2.73669114E-07 0.00000000E+00 0.00000000E+00 0.00000000E+00
35  8 0.00000000E+00 0.00000000E+00 4.57562330E-08 0.00000000E+00 0.00000000E+00
35  9 0.00000000E+00-7.90567478E-01-1.23513603E-05 8.73829038E-07 1.36884912E-11
35 10 0.00000000E+00 1.65711430E-05 0.00000000E+00 1.06066104E+00 0.00000000E+00
36  1 0.00000000E+00 0.00000000E+00 0.00000000E+00 0.00000000E+00 0.00000000E+00
36  2 0.00000000E+00 0.00000000E+00 0.00000000E+00 0.00000000E+00 0.00000000E+00
36  3 0.00000000E+00 0.00000000E+00 0.00000000E+00 0.00000000E+00-2.41553701E-01
36  4 0.00000000E+00 0.00000000E+00 0.00000000E+00 0.00000000E+00 0.00000000E+00
36  5 0.00000000E+00 0.00000000E+00 0.00000000E+00 0.00000000E+00 0.00000000E+00
36  6 0.00000000E+00 0.00000000E+00 0.00000000E+00 0.00000000E+00 0.00000000E+00
36  7 0.00000000E+00 0.00000000E+00 0.00000000E+00 8.36789312E-02 0.00000000E+00
36  8 0.00000000E+00 0.00000000E+00 0.00000000E+00 0.00000000E+00 1.67121229E-02
36  9 0.00000000E+00 0.00000000E+00 0.00000000E+00 0.00000000E+00 0.00000000E+00
36 10-1.27399155E-11 0.00000000E+00 1.27409490E-11 0.00000000E+00 1.01436268E+00
37  1 7.49507520E-11-2.22127688E-10 6.03333911E-11 1.47515769E-10 0.00000000E+00
37  2 0.00000000E+00 2.24798132E-10 0.00000000E+00 0.00000000E+00-2.88205663E-10
37  3 2.09191599E-01-2.09191599E-01 0.00000000E+00 0.00000000E+00 0.00000000E+00
37  4 2.88956714E-09 5.62749923E-09-1.21374873E-09 4.29279171E-10-7.75385195E-11
37  5 0.00000000E+00 0.00000000E+00-2.87177417E-10 0.00000000E+00 0.00000000E+00
37  6 4.79226135E-11 0.00000000E+00 0.00000000E+00-1.46877003E-09-7.24687845E-02
37  7 7.24687822E-02 0.00000000E+00 0.00000000E+00 0.00000000E+00-9.52776535E-10
37  8-1.44727878E-02 1.44727854E-02 0.00000000E+00 0.00000000E+00 0.00000000E+00
37  9 1.20944582E-10 0.00000000E+00 0.00000000E+00 0.00000000E+00 0.00000000E+00
37 10-8.78463791E-01 0.00000000E+00 8.78463792E-01 0.00000000E+00-1.47113986E-11
38  1 0.00000000E+00 0.00000000E+00 0.00000000E+00 0.00000000E+00 2.50163301E-06
38  2-4.05969083E-01 0.00000000E+00 4.95027877E-07-8.03339306E-02 0.00000000E+00
38  3 0.00000000E+00 0.00000000E+00-3.40479466E-06 5.52535628E-01 0.00000000E+00
38  4 0.00000000E+00 0.00000000E+00 0.00000000E+00 0.00000000E+00 0.00000000E+00
38  5 1.15778317E-06-1.87886940E-01 0.00000000E+00 2.17583526E-06-3.53098091E-01
38  6 0.00000000E+00-8.51928370E-07 1.38252324E-01 0.00000000E+00 0.00000000E+00
38  7 0.00000000E+00-3.13530119E-06 5.08801788E-01 0.00000000E+00 0.00000000E+00
38  8 0.00000000E+00 0.00000000E+00-1.06766566E-06 1.73262524E-01 0.00000000E+00
38  9 0.00000000E+00 4.87842821E-07-7.91679279E-02-7.72461706E-06 1.25356345E+00
38 10 0.00000000E+00-3.54050186E-02 0.00000000E+00 2.18170213E-07 0.00000000E+00
39  1 0.00000000E+00 0.00000000E+00 0.00000000E+00 0.00000000E+00-4.05969082E-01
39  2-2.50163302E-06 0.00000000E+00-8.03339308E-02-4.95027874E-07 0.00000000E+00
39  3 0.00000000E+00 0.00000000E+00 5.52535627E-01 3.40479467E-06 0.00000000E+00
39  4 0.00000000E+00 0.00000000E+00 0.00000000E+00 0.00000000E+00 0.00000000E+00
39  5-1.87886940E-01-1.15778317E-06 0.00000000E+00-3.53098104E-01-2.17583511E-06
39  6 0.00000000E+00 1.38252326E-01 8.51928350E-07 0.00000000E+00 0.00000000E+00
39  7 0.00000000E+00 5.08801787E-01 3.13530120E-06 0.00000000E+00 0.00000000E+00
39  8 0.00000000E+00 0.00000000E+00 1.73262523E-01 1.06766566E-06 0.00000000E+00
39  9 0.00000000E+00-7.91679197E-02-4.87842908E-07 1.25356345E+00 7.72461703E-06
39 10 0.00000000E+00-2.18170264E-07 0.00000000E+00-3.54050142E-02 0.00000000E+00
40  1 0.00000000E+00 0.00000000E+00 0.00000000E+00 0.00000000E+00 0.00000000E+00
40  2 0.00000000E+00 0.00000000E+00 0.00000000E+00 0.00000000E+00 0.00000000E+00
40  3 0.00000000E+00 0.00000000E+00 0.00000000E+00 0.00000000E+00 1.00312454E-01
40  4 0.00000000E+00 0.00000000E+00 0.00000000E+00 0.00000000E+00 0.00000000E+00
40  5 0.00000000E+00 0.00000000E+00 0.00000000E+00 0.00000000E+00 0.00000000E+00
40  6 0.00000000E+00 0.00000000E+00 0.00000000E+00 0.00000000E+00 5.38209368E-11
40  7-5.38252533E-11 0.00000000E+00 0.00000000E+00 1.15896401E+00 0.00000000E+00
40  8-2.79190018E-11 2.79205387E-11 0.00000000E+00 0.00000000E+00-6.01191135E-01
40  9 0.00000000E+00 0.00000000E+00 0.00000000E+00 0.00000000E+00 0.00000000E+00
40 10 0.00000000E+00 0.00000000E+00 0.00000000E+00 0.00000000E+00-8.79607832E-02
41  1-5.68656975E-09 8.46794133E-09 1.96408695E-10 4.49495886E-09 0.00000000E+00
41  2 0.00000000E+00 3.01902143E-09 0.00000000E+00 0.00000000E+00-4.31308489E-09
41  3 8.68732844E-02-8.68732897E-02 0.00000000E+00 0.00000000E+00 0.00000000E+00
41  4-5.40880354E-08-1.05907364E-07 2.91818634E-08-2.46537907E-08-3.03793988E-09
41  5 0.00000000E+00 0.00000000E+00 7.77691854E-08 0.00000000E+00 0.00000000E+00
41  6-1.26379296E-08 0.00000000E+00 0.00000000E+00 3.87975149E-08 1.00369224E+00
41  7-1.00369221E+00 0.00000000E+00 0.00000000E+00-6.21495438E-11 2.75520045E-08
41  8-5.20646786E-01 5.20646854E-01 0.00000000E+00 0.00000000E+00 3.22389039E-11
41  9-4.00550622E-08 0.00000000E+00 0.00000000E+00 0.00000000E+00 0.00000000E+00
41 10-7.61769103E-02 0.00000000E+00 7.61768659E-02 0.00000000E+00 0.00000000E+00
42  1 0.00000000E+00 0.00000000E+00 0.00000000E+00 0.00000000E+00-8.65583642E-02
42  2 1.42097744E-08 0.00000000E+00 1.18284259E-01-1.94180267E-08 0.00000000E+00
42  3 0.00000000E+00 0.00000000E+00 4.83506128E-02-7.93743208E-09 0.00000000E+00
42  4 0.00000000E+00 0.00000000E+00 0.00000000E+00 0.00000000E+00 0.00000000E+00
42  5-1.55453936E-02 2.55199323E-09 0.00000000E+00 4.41193014E+00-7.24280574E-07
42  6 0.00000000E+00-6.63628370E-01 1.08943957E-07 0.00000000E+00 0.00000000E+00
42  7 0.00000000E+00 4.68953898E-01-7.69853767E-08 0.00000000E+00 0.00000000E+00
42  8 0.00000000E+00 0.00000000E+00-2.27909924E-01 3.74146201E-08 0.00000000E+00
42  9 0.00000000E+00-2.83624277E+00 4.65609261E-07-1.17626525E+00 1.93100546E-07
42 10 0.00000000E+00 2.08226649E-07 0.00000000E+00-1.26840546E+00 0.00000000E+00
43  1 0.00000000E+00 0.00000000E+00 0.00000000E+00 0.00000000E+00-1.42097771E-08
43  2-8.65583500E-02 0.00000000E+00 1.94180213E-08 1.18284272E-01 0.00000000E+00
43  3 0.00000000E+00 0.00000000E+00 7.93743488E-09 4.83505930E-02 0.00000000E+00
43  4 0.00000000E+00 0.00000000E+00 0.00000000E+00 0.00000000E+00 0.00000000E+00
43  5-2.55199565E-09-1.55453929E-02 0.00000000E+00 7.24280651E-07 4.41193008E+00
43  6 0.00000000E+00-1.08943964E-07-6.63628372E-01 0.00000000E+00 0.00000000E+00
43  7 0.00000000E+00 7.69853392E-08 4.68953934E-01 0.00000000E+00 0.00000000E+00
43  8 0.00000000E+00 0.00000000E+00-3.74145975E-08-2.27909961E-01 0.00000000E+00
43  9 0.00000000E+00-4.65609307E-07-2.83624272E+00-1.93100564E-07-1.17626527E+00
43 10 0.00000000E+00-1.26840543E+00 0.00000000E+00-2.08226672E-07 0.00000000E+00
44  1 2.56522446E-01 3.14776663E-01 2.77334717E-03-3.85767500E-01 0.00000000E+00
44  2 0.00000000E+00 1.34394727E-01 0.00000000E+00 0.00000000E+00 7.82219424E-02
44  3-3.57648873E-02-3.57648846E-02 0.00000000E+00 0.00000000E+00 0.00000000E+00
44  4 1.52551279E-01 2.83364040E-01-6.02835634E-02-2.44448796E-01 7.34760489E-02
44  5 0.00000000E+00 0.00000000E+00 3.61074393E+00 0.00000000E+00 0.00000000E+00
44  6-7.36870796E-01 0.00000000E+00 0.00000000E+00 5.06408061E-01-3.40619600E-01
44  7-3.40619568E-01 0.00000000E+00 0.00000000E+00 0.00000000E+00-6.54212798E-01
44  8 1.96470685E-01 1.96470669E-01 0.00000000E+00 0.00000000E+00 0.00000000E+00
44  9-2.79818071E+00 0.00000000E+00 0.00000000E+00 0.00000000E+00 0.00000000E+00
44 10-8.97137039E-01 0.00000000E+00-8.97137042E-01 0.00000000E+00 0.00000000E+00
45  1 0.00000000E+00 0.00000000E+00 0.00000000E+00 0.00000000E+00-3.67629709E-01
45  2-5.51103650E-07 0.00000000E+00-3.46308885E-01-5.19142179E-07 0.00000000E+00
45  3 0.00000000E+00 0.00000000E+00 5.41859119E-01 8.12286194E-07 0.00000000E+00
45  4 0.00000000E+00 0.00000000E+00 0.00000000E+00 0.00000000E+00 0.00000000E+00
45  5-1.43635821E-01-2.15320536E-07 0.00000000E+00 2.21327928E+00 3.31786653E-06
45  6 0.00000000E+00-4.81949141E-02-7.22476896E-08 0.00000000E+00 0.00000000E+00
45  7 0.00000000E+00-9.70541817E-01-1.45491269E-06 0.00000000E+00 0.00000000E+00
45  8 0.00000000E+00 0.00000000E+00 1.00319651E+00 1.50386446E-06 0.00000000E+00
45  9 0.00000000E+00-1.58955286E+00-2.38285528E-06 1.97348743E-01 2.95840096E-07
45 10 0.00000000E+00-1.06564529E-06 0.00000000E+00-7.10869659E-01 0.00000000E+00
46  1 0.00000000E+00 0.00000000E+00 0.00000000E+00 0.00000000E+00 5.51103645E-07
46  2-3.67629712E-01 0.00000000E+00 5.19142187E-07-3.46308880E-01 0.00000000E+00
46  3 0.00000000E+00 0.00000000E+00-8.12286192E-07 5.41859120E-01 0.00000000E+00
46  4 0.00000000E+00 0.00000000E+00 0.00000000E+00 0.00000000E+00 0.00000000E+00
46  5 2.15320531E-07-1.43635824E-01 0.00000000E+00-3.31786637E-06 2.21327946E+00
46  6 0.00000000E+00 7.22476620E-08-4.81949417E-02 0.00000000E+00 0.00000000E+00
46  7 0.00000000E+00 1.45491271E-06-9.70541800E-01 0.00000000E+00 0.00000000E+00
46  8 0.00000000E+00 0.00000000E+00-1.50386447E-06 1.00319651E+00 0.00000000E+00
46  9 0.00000000E+00 2.38285519E-06-1.58955297E+00-2.95840134E-07 1.97348696E-01
46 10 0.00000000E+00-7.10869707E-01 0.00000000E+00 1.06564525E-06 0.00000000E+00
47  1-6.04145589E-01 3.55449379E-01 1.81618903E-02 1.20779433E+00 0.00000000E+00
47  2 0.00000000E+00 2.45665737E-01 0.00000000E+00 0.00000000E+00-1.12000825E+00
47  3-2.95798246E-02-2.95798230E-02 0.00000000E+00 0.00000000E+00 0.00000000E+00
47  4-7.10662889E-01-1.28248572E+00 9.06689934E-01-1.17800634E+00-2.95543052E-01
47  5 0.00000000E+00 0.00000000E+00 5.22798392E-01 0.00000000E+00 0.00000000E+00
47  6-1.42101521E-01 0.00000000E+00 0.00000000E+00 1.31052191E+00-1.53910765E-01
47  7-1.53910745E-01 0.00000000E+00 0.00000000E+00 0.00000000E+00 1.23326684E+00
47  8 9.69966236E-01 9.69966226E-01 0.00000000E+00 0.00000000E+00 0.00000000E+00
47  9 1.17477159E+00 0.00000000E+00 0.00000000E+00 0.00000000E+00 0.00000000E+00
47 10-4.78133001E-02 0.00000000E+00-4.78133011E-02 0.00000000E+00 0.00000000E+00
48  1-1.89455449E+00-1.69930607E+00-1.36055395E-01 1.92536284E+00 0.00000000E+00
48  2 0.00000000E+00 1.67182075E+00 0.00000000E+00 0.00000000E+00-1.28780599E+00
48  3-3.57170663E-01-3.57170663E-01 0.00000000E+00 0.00000000E+00 0.00000000E+00
48  4-5.71605202E-01-1.08782776E+00 6.84268602E-01 1.70882421E+00-1.05495600E+00
48  5 0.00000000E+00 0.00000000E+00 7.90283931E+00 0.00000000E+00 0.00000000E+00
48  6 5.30502448E-01 0.00000000E+00 0.00000000E+00-2.35087182E-01 4.81117870E-01
48  7 4.81117880E-01 0.00000000E+00 0.00000000E+00 0.00000000E+00 3.31111636E+00
48  8 1.11147880E-01 1.11147874E-01 0.00000000E+00 0.00000000E+00 0.00000000E+00
48  9-1.85417260E+00 0.00000000E+00 0.00000000E+00 0.00000000E+00 0.00000000E+00
48 10-2.06948223E+00 0.00000000E+00-2.06948223E+00 0.00000000E+00 0.00000000E+00
49  1-4.77678842E-01-1.87296608E+00-4.36908686E-01 1.09601714E+00 0.00000000E+00
49  2 0.00000000E+00 1.47439889E+00 0.00000000E+00 0.00000000E+00-1.36490090E+00
49  3 1.04664674E-01 1.04664673E-01 0.00000000E+00 0.00000000E+00 0.00000000E+00
49  4 6.31147903E+00 1.20736590E+01-3.60928047E+00 5.17310330E+00-2.79193739E-01
49  5 0.00000000E+00 0.00000000E+00 1.97118441E+00 0.00000000E+00 0.00000000E+00
49  6 9.48143678E-01 0.00000000E+00 0.00000000E+00-2.07039053E+00-2.26006787E+00
49  7-2.26006789E+00 0.00000000E+00 0.00000000E+00 0.00000000E+00-2.40180731E+00
49  8-3.69424412E+00-3.69424411E+00 0.00000000E+00 0.00000000E+00 0.00000000E+00
49  9 2.23991379E-01 0.00000000E+00 0.00000000E+00 0.00000000E+00 0.00000000E+00
49 10-2.72001982E-01 0.00000000E+00-2.72001982E-01 0.00000000E+00 0.00000000E+00
50  1-5.84893448E-02-3.49968339E-01-1.29770985E-01 1.38733302E-01 0.00000000E+00
50  2 0.00000000E+00 1.96026101E-01 0.00000000E+00 0.00000000E+00-1.26349329E-01
50  3 2.45385675E-02 2.45385672E-02 0.00000000E+00 0.00000000E+00 0.00000000E+00
50  4 1.93752339E+00 6.56957916E+00 2.07824775E+00 1.58124663E+00-2.58336626E-02
50  5 0.00000000E+00 0.00000000E+00 1.71881830E-01 0.00000000E+00 0.00000000E+00
50  6 2.14604520E-01 0.00000000E+00 0.00000000E+00-2.88321314E+00-2.88237656E+00
50  7-2.88237657E+00 0.00000000E+00 0.00000000E+00 0.00000000E+00-1.46959871E+00
50  8-1.66037888E+00-1.66037888E+00 0.00000000E+00 0.00000000E+00 0.00000000E+00
50  9 5.07170522E-02 0.00000000E+00 0.00000000E+00 0.00000000E+00 0.00000000E+00
50 10-2.38298305E-02 0.00000000E+00-2.38298304E-02 0.00000000E+00 0.00000000E+00
 $END   
 POPULATION ANALYSIS
HYDROGEN     0.67237   0.32763   1.11680  -0.11680
FLUORINE     9.32763  -0.32763   8.88320   0.11680
 MOMENTS AT POINT    1 X,Y,Z=  0.087580  0.000000  0.000000
 DIPOLE       1.972015  0.000000  0.000000
